140
10045629118
10344783814
10355927415
10376307976
10389515160
10663776461
10828812290
11034144139
11147220249
11884507597
12466919780
12545966639
12939421207
13113267915
13596212269
13884529381
13928199456
14843951920
14869530280
15715037363
16061460578
16921984688
17272008832
20368546764
20721358735
20927526933
21050564017
22191987588
22319068950
22395226037
24000664331
24831802056
24979686525
25402149454
25489909768
25609174574
25786357560
25876320058
25979587879
27717358613
28244856990
28460592318
28762072137
29705933639
30025361391
30171012816
30985563851
31039348032
31229425819
32354802657
33153090315
33921768381
34139725564
34223492607
34402311464
34474731723
34622887646
36550923916
36933152954
37041155881
37070957771
37113595290
38748998595
39574196266
40120398079
40521180996
41780522675
41807306965
42040633053
42986148302
43848955388
44265481941
44293338753
45737990394
45832983293
47119825607
48431317459
49426113637
49537658191
51197801065
52280003330
54316818310
55327660343
55466638411
55560950875
56126503472
56723967760
57139793984
59842226805
60595531565
60819637975
62344981876
62403479457
62571476537
62729789738
62859891128
63385412701
63643612229
64113240798
64270878102
65352659343
67312966409
69208949391
69837642891
69884029488
70897112301
71515023001
71816345941
73790631313
73862841321
74069466896
74305487408
76174138378
76305644768
78377062587
80157343212
80668390256
81679426140
81697338430
82063230124
82742362754
83723663896
83810462462
85059738513
85667759777
86425496494
87844354025
88098447047
88945243051
89920459139
90129385815
90482749136
92090512908
92953218595
93263382143
94264764748
94342405984
94993770296
95524935576
97182491744