156
10001680749
10098479247
10767572865
11385209310
11643867333
13063790389
14297088056
15095135714
15432196972
15516994843
15537528601
15656404806
16136371037
16704842462
17034312744
17809886740
18554792244
19032864022
19612200753
19736844715
19738981436
20216314919
20324570818
20561843656
20811221701
20866824404
21063622872
21671218639
22270719876
22286382311
22900119905
23312868172
23919014366
24272772286
25185021922
25265307159
25653522048
27744621374
28095218840
28100002773
28220350951
28255098920
28414973322
28439767082
28698467583
28750169109
28968381213
29368177225
29401727091
29540026011
29707251239
30179313365
30234602268
30333297539
30620016503
30843731183
31128457147
31176778171
31235058219
32307885938
32884123814
33779638992
33832579188
35011145858
35866357290
36246712074
36834344377
37472649513
38136988080
38290973104
39036841986
40020564830
41481034107
41872097868
42499376167
43425910615
43885348184
44833004888
46227534583
46301365243
46496706935
47386460335
47407959520
48128057719
48480642612
48485941212
49092092755
49342202950
50160576263
50324371892
50483569023
54465219276
54812934170
55596740244
56980118206
59838391276
60078218843
60455759321
61055622758
61079657970
61434743342
62659521757
63616821888
63777734513
63827672486
66303337352
67090390175
67817202696
69517005339
70001883493
70845237548
70965826686
71418950702
72930600803
73441259419
74260762188
74275301423
76926527789
78079357941
78879284000
80076574125
80175610824
80397423528
80875383332
80999719165
82420639123
83421095278
83986994275
84174875312
85562755278
85854688242
86480851342
87103650442
87242993859
87429902794
88174638107
88441896756
88543677134
88709444214
90509597748
91027889071
93091011784
94402550138
94703275207
94853399930
95081843140
95107269803
95528901905
96034838149
96113447436
96448143945
96789016011
97496286920
97917869598
99336908902
99506336837