111
10018438255
10691305230
10831471046
11226789737
11232089137
13486339542
13870708126
14871888480
15118531597
15189780684
15199364413
15806715807
17445137740
18270553611
18287760944
18311290877
19615548231
19710386702
20158816965
20366090215
20893749470
22476197352
23056873455
23076490589
23914188687
24011737210
24812331523
27753620104
27928388438
27987214419
28612826163
29119463457
29393109186
30392644720
30587257961
30639636836
32479124795
32510396136
34388277236
35124234185
36048706432
37423697465
38030527980
38189874476
39887775869
40846711928
42038721548
44213170693
44325950271
45538845326
45850861701
45908949631
46892671825
48053382581
48428904486
48491362640
50802165097
52120929729
54777194052
54778212852
55971186471
57260056189
57361137566
58160362346
58404489490
59035025790
59772960946
61028025224
61458283205
64139564340
64570733720
64858092260
65246480017
66518405578
66959041064
68270873245
68818450309
69634339172
70243231911
70591467404
71114517633
72739917260
75412837289
77408544123
77501625038
80063982046
80908366650
82051611194
82956085752
83375551481
84465840825
85185205173
85369882210
85404599128
85799197818
86638263743
86676755512
88575753546
89679484250
91186209194
91566833229
92518963038
93078058678
94156060971
94591161230
95405584222
97155973132
98266325143
98751745747
99103875590
99291553211