600
40989508145
36437861766
37064909517
38735970367
93154650765
27928926988
96726864830
44269168090
31887898785
21998572096
15638232900
19063936340
13456495479
54071270586
20366090215
10049106423
23685488355
59023969962
86676755512
77408544123
35241146868
39887775869
44569862960
61318363215
15118531597
19578291689
59435423880
73654230923
10490038431
97744442342
72324290636
22586578702
20031749376
23164876033
42179356765
42549111592
17445137740
49813717221
46338564306
86303617956
69143825383
74565567936
67603542270
71114517633
98039057882
15189780684
10454088090
89942922429
35521043926
58440869431
83870602870
41877371973
15156806617
24659945322
54576021681
47848496006
63482404698
21167710371
70102176921
26888580742
58404489490
62195132604
89539667712
62488591493
40017932631
76517761017
57976585611
30871055396
56403831079
72449383147
92872810453
42038721548
92518963038
40299533716
92684356188
22476197352
27753620104
33551297781
85630491459
82051611194
32510396136
59163680752
30975568146
23069670561
13123489570
23293122065
32064362222
67239651098
95170898482
56710816376
71102538476
37423697465
66070086064
82651001533
97863513825
29438443312
19615548231
84175490312
43443139070
76692225752
16921984688
44325950271
33988251790
30587257961
21254236191
36501340896
30545067938
52830635022
46371373624
56887758813
30392644720
94600349308
19451308429
16749053980
50153557714
91554436523
71312255003
89967911590
64570733720
92606157031
84495760221
46990204394
34885089269
19673310655
23275559010
73132677522
25218906213
44727161561
30026068670
18994732253
31101402484
65268447656
45538845326
75092374764
61790834663
89558465194
23056873455
99291553211
75599769981
13908143522
75029159556
25062326012
28243255614
40791224748
88766517387
18311290877
43533375064
84739720659
36195954650
83187209613
10266577676
29851943284
88563467240
19751460221
68672383057
18645733665
23076490589
62037817508
63385412701
94156060971
27783996221
32141794031
39868233762
29598279662
56434324248
60377393234
90002983810
35804431987
34332336534
66518405578
32568273188
87277557898
71547051484
24517920375
98724810508
84502216770
94029940887
93932980839
55971186471
86135887154
32552812776
68818450309
99935412366
23914188687
44460604311
95095937995
48428904486
27947714823
11339412714
31183712049
85404599128
34081461739
17094444247
34720473918
52799112704
34845300602
22003652147
53088084644
40846711928
19314949334
64050786868
15806715807
89679484250
48340353666
53725580650
10442229235
69164409046
94287806682
82666617039
19972983674
35124234185
13675193407
44213170693
10018438255
86642259398
54782181930
45850861701
48491362640
43455205376
71697454909
18498393020
98751745747
18111277958
61938074009
13873337875
29393109186
25728443735
76034099761
16572135594
24337870467
83016294682
42910116642
80767781033
13379892164
20231593296
82240810086
96503778369
23245452696
24973764619
59421389774
89141396116
57004478367
93078058678
26175602198
73941092608
66996312033
30203126777
23321599078
81958727374
32111138489
19296700306
58769782089
11232089137
51014083095
29755578463
56180661853
50802165097
94469467346
13063327013
83966127263
32303709460
39130892603
60806307669
54886740908
18822611224
35880563195
25971168624
65699561958
29867185919
10238327786
15489356953
24011737210
51459328138
33456399212
30177206817
97248933431
90776124900
29089304045
97847052413
23376812509
62422863190
82956085752
18771598827
57361137566
11988548253
37585766788
56183696175
73275225567
49231324294
35241389868
82921781689
46892671825
84465840825
67453959453
22135199215
11508407370
51146254563
32341327029
36616359203
43518520036
42987414051
40487091878
94839445746
41977304218
34388277236
14080235230
11238213242
72739917260
49116688140
40917662815
64858092260
19710386702
70277812429
70933919419
30639636836
19947675313
22863687685
79620809454
94775222392
61483392193
10420903450
11226789737
46243454089
21480580496
21405074311
13870708126
27987214419
27928388438
98266325143
71674853724
34367745225
20893749470
64139564340
33497627679
63229336076
94326515478
74232444827
37259191557
57260056189
17677313523
50289409504
13790004988
16688518129
63131372307
19485624120
21111448825
73173651468
86638263743
13486339542
62555737403
51919033409
94591161230
36048706432
38189874476
65246480017
15895156470
33246927936
63084408181
53595636460
60023713089
47154999247
95613259020
71630038728
50224708672
18270553611
49065937892
56450984405
32643916848
58433306353
58422247796
42497554567
54778212852
11603863163
69634339172
26332943702
77927377395
38712031556
58241752088
70620278322
85185205173
94920098888
87485450704
63915233157
15807493678
95726436974
29119463457
95234373785
58160362346
46349734639
25936495106
66875233271
24015413410
83308518151
97632586564
49349964777
28271335748
89985273947
99470502668
98800365893
35539712059
90212857757
61493536193
50314098186
37484257540
10564651918
87689848702
60794650736
12310941707
47817055116
88507577165
58459524965
42007217736
56867288256
60984224177
42666667926
70243231911
86811727529
87202026262
43294374504
84957582790
96080342318
61028025224
54350106522
57291209809
14381542492
46826176393
10817349489
77501625038
37225571318
34681708949
92409671182
41293951215
42450393171
70159803051
42501264968
66959041064
68755362850
93250408864
33294057810
31865260695
31189674101
82104960720
72361456127
41337524561
24812331523
58218702649
20956220773
48053382581
74305487408
20383994026
74159182489
93167921071
44501593978
93137772981
19748338715
75412837289
45908949631
72364672927
75528123223
97155973132
65877792344
21524698265
45211941644
38591385350
10831471046
45664368637
81633604771
97109165736
85369882210
33297825160
70511250066
18365688580
98891233337
59772960946
83758636665
59632062956
11323726008
60290856268
39375503695
19637140215
98003993442
58968557311
68270873245
18692722061
99103875590
80189336479
92568667634
84068792962
85799197818
24679135482
43605000672
20637337542
49667963753
55297396453
79316643784
88575753546
61438307742
59035025790
45967092055
29005871453
17155478776
40307941221
16860806836
63981954111
91125108491
30097135878
12057575983
15199364413
29211184807
70686495574
37324576166
18554480993
11898263033
42412495053
31160590237
20858434674
13999316315
52120929729
40878519019
30690020739
66955177837
75766280382
53772101419
49375678389
72698847942
40318459422
97671153682
95405584222
10338930258
42669362753
36124751390
19209990913
43212926511
51494493056
51466165244
80063982046
56364887239
27521066992
43333397822
84509749876
40665715291
24689920683
14871888480
80908366650
39958147606
60026317540
44482895167
48294259720
32645097796
79748627992
26269676321
91186209194
11384297511
59016604107
83375551481
91566833229
38030527980
92194445407
30618613530
50037356658
68564928558
30086330623
16365107820
29578886607
64762447134
33173560676
94436606856
73094114275
71975866092
70591467404
85413732234
18287760944
90585211008
87528258222
96789016011
49519428908
57035055936
27884793920
54777194052
76803043557
34796041381
52685397926
11305534824
28612826163
70116098427
56409312808
20158816965
39478986724
25509134004
61458283205
94077247535
10691305230
31325185439
32479124795
22235932436
24322726612
35878507525
57959487305
31329554745
38230639524