125
10049106423
10238327786
10338930258
10420903450
10564651918
11238213242
11508407370
13123489570
13873337875
15156806617
17155478776
17677313523
18994732253
19485624120
19947675313
19972983674
20231593296
20637337542
21167710371
21254236191
21480580496
21524698265
22003652147
23245452696
23275559010
23293122065
24322726612
24689920683
25062326012
25509134004
25971168624
26269676321
27521066992
27783996221
28243255614
29005871453
29089304045
30026068670
30086330623
30871055396
31183712049
31189674101
31325185439
32341327029
32568273188
34081461739
34367745225
34796041381
35878507525
36195954650
37064909517
37585766788
38735970367
39958147606
40917662815
42007217736
42666667926
42669362753
43294374504
43455205376
45211941644
45664368637
46338564306
46826176393
46990204394
47154999247
47817055116
49231324294
49519428908
50037356658
51459328138
52830635022
54071270586
54350106522
56183696175
56887758813
57004478367
57291209809
59023969962
59435423880
60290856268
60794650736
61438307742
61938074009
62488591493
62555737403
63229336076
65877792344
66996312033
70277812429
70933919419
71674853724
71975866092
72361456127
74159182489
74305487408
75766280382
76517761017
76692225752
76803043557
80189336479
82104960720
82240810086
82651001533
83016294682
84175490312
85413732234
86303617956
86811727529
88766517387
89558465194
90776124900
92568667634
93137772981
93154650765
93932980839
94029940887
94077247535
94600349308
95726436974
96789016011
97248933431
97632586564
97671153682
97847052413