7000
32022040226
26235046674
55396324924
11269904454
50957950922
30973763494
11888253805
72591602486
83811278513
31740491290
94650531011
94101565319
11161607728
64414463919
22355280068
19862798547
72449112069
69643650701
49871747378
30768523547
34911037037
44089146382
15484125475
71802212957
76411094467
35370900430
96873322126
34504662990
44367241918
30798144638
66867221122
74597174348
10797174277
76918090162
80364190159
61900779440
26085559151
27410365092
32159399565
23677190798
74067556468
61306153509
69370787322
44293131431
44513025308
66961483143
34398595586
51769547863
58102174471
64861388433
36825513349
40629746346
90463271179
10164693723
47492290713
31782675686
93491039604
18960404041
88287624982
88932801467
82882914943
25061957717
96949151907
32414106237
15893381071
78677616629
75913291878
34711487839
43785137058
85621205032
42349790723
10863324815
19047039383
53174049280
14964880203
93517925043
22874919191
77594309509
58383630529
66625626955
62446106453
27889735521
81915748483
68390637972
12654210366
12807992394
32274122370
21199500913
84346820220
11119407681
30209641334
20072585451
93583724373
32830158288
62192499180
26515678464
36961037818
95814442539
99501436480
12721186547
31207849383
16930389594
62049536136
42706498244
52499499862
36492730190
42701655393
42808838892
95055691501
66630348234
33878190036
63011676494
11466241296
32360227962
35071845761
27883711069
94739746874
31776379031
26161696716
32714408578
41339137517
45740506845
21776694416
46660590336
22351075990
15545347177
68285757402
21361718490
24324701962
15635721700
78010274282
30457307251
47615265067
69264342466
85541229145
15762709732
76434654208
44618901662
35125791314
11994733254
70047045019
75285048107
12474796736
84384309165
44479162645
25142024126
64673503419
34503012536
13531798766
11238343415
15581331468
45953061522
95572290972
16212938124
73536805267
21671218639
15299881088
87444177857
33171935249
23382675858
67039269551
58644645257
53929552597
26723941184
88980611291
22785055676
62739068217
59948943081
41664258391
37783296558
29865020068
20802787022
40455454466
78645654817
19333875495
17570384173
23768386097
82668549667
78112511581
96910411216
11909975111
28973145240
80407904861
76090788742
13121847621
14342098252
15157210966
16211627873
75785954045
49698310192
94988150547
78737489932
92232428325
77529423207
59599594438
28211990402
78950579263
34036521437
89123615959
81981305715
31257603109
90356882774
15535429922
25585243440
35068849611
12238904970
45464784839
10290058288
59847284554
96537768311
80229297726
57444508481
30604757695
97953310218
46907053009
55385401418
44142814579
42643189663
10306583445
77492658838
98315282339
45933878016
22365951174
33617104413
93064340423
26737040314
88907876106
69690186647
74436199625
89668633223
54447871692
90868800948
56725565211
41875574973
11984114948
87068050751
53674002226
24993239030
11259624105
30887535031
25063993117
86512002632
14673702212
25408401654
60436476764
39911865104
96117427758
42070834638
63667237163
98900408670
34860499613
72282672518
25292522849
27990227968
34505328190
63051196714
73076878796
27541280854
34552586187
86408569212
53085025338
63945237020
14792513194
40558667843
61034079973
34769846264
21532188022
31073786444
16521277622
49558585305
49168781964
16771409592
35876480796
24830836802
23521256926
15959069530
16805112907
74496410900
31235499273
22245812514
84773174977
29523439853
53821715992
33045947965
55575587032
54083453422
66622567328
30031200521
39951373971
54003300978
18934555777
43371060889
40529535726
11480766609
30462226051
71999791755
38848103372
77377415805
17244429315
28236093457
36012150236
39338747456
40883561619
19100228830
28323114501
62265634989
30832520929
52125550278
13401130977
16633713297
17090479968
26661117776
79068696041
44712770706
52895818403
44246334608
31343442224
21326728772
67111839638
28476312573
93720420014
55283958868
72862550143
54193692921
51161040069
48517031730
28737271674
73249442806
96972298668
97047261955
39702212333
38290350375
23574156978
59804713436
50176580875
91582153813
33560359033
17878981775
68509050483
89524137049
48764192568
80548080729
58963542460
48510547895
77141616866
22019202210
18235201390
31092772378
49060830586
27027055759
40662607891
72382823217
44765525852
23498172342
15229698904
18777325705
65548660914
25897529764
24723291702
44122013724
31992424057
90135249843
22107547847
12115960164
63628076766
92949367367
12350034096
10008638349
92585635595
40402986363
33488498330
36724425007
22803456155
90180339588
91994190558
37614033279
20936854388
40341788912
61232464544
73920065902
46409597342
82904553077
74613888681
84923612045
27091387784
42392175241
19170086188
99977580257
72943237509
92926447955
44041910359
13060149840
97419370233
49923005226
58823709992
97326736467
28195341566
75457758536
63205864315
26889111891
99422798471
31255845658
83235811715
73363822081
22336588056
11624447427
80200467836
53634096229
83406539293
31179944622
17605642341
87817952735
46986491245
50421718015
33115506973
29561032822
46064452076
57218488298
50321617065
64938934147
42063149211
31262348085
10145743993
70761004539
23567581272
77401499017
49251739051
41614365594
14757130676
18151183927
82536742077
33302091011
54945686681
44378513095
70491242160
18680069756
42501729795
22233837985
54890437284
51433649848
16173954156
24841988908
30819400022
24535587587
43851015866
70049408795
61302447803
61275664340
86468209914
81911004977
10146119193
99848985695
43250895230
37197184655
80278120723
60935360031
39735651295
16889610100
37787382664
32778016759
72604596043
27536867400
43638476963
20019772000
62280162973
16603067214
94341186608
44476203566
81060263973
32836150540
14822679857
67325054742
55127142145
83429407556
72130471917
98582907267
72751988366
46801315632
40436094105
40130667357
97795984887
96900922259
14791124193
25108506263
12795305888
85888896038
88074131835
46820036938
59264426451
13511789405
85328752119
31808429044
39467751488
70182681436
38861096129
37976451956
14516990811
71611984692
43016629168
14322970295
85712405625
63654365308
10099095420
10325033802
34945898598
21853392503
34812191087
11130532987
46813475338
27542502454
16744587953
12038079371
16873521464
25183988323
27966448607
73466882710
42979366999
45298213637
86818888929
87902212171
45145960714
76980302264
11834072703
84593963336
89654307238
75109419592
33996834119
72554678995
79352488553
19611188925
89009560632
20899215670
25397951427
91672135728
11577113579
57774848613
63895340773
65147903745
34806144711
30132295396
73479848537
36698219439
36448139617
26534103222
64456434986
57610599933
74666975384
86244978104
19269035616
13639182892
14078595603
35073720788
83087657620
82301356518
62665998530
20433058493
16559210018
91795131839
39853922802
22131031086
79891459311
73826030431
44351958107
51959447327
26518737759
63847405000
85538033917
23430576933
69533424073
96591724762
31336375545
74958667520
26868205480
88869618364
33332101701
73812627995
43828500011
17642756911
48006798235
41243022819
39212909823
61796440341
99165972622
85533331039
44191400427
30105431079
83810462462
25271383665
14528033493
49022165919
93763506559
55817275175
61905897268
36582432783
71732026905
27826239861
79913331472
75753074076
23510022370
57078679505
84450215695
99702351878
13424831361
18761833592
72217964059
86751675748
98702432751
22744444903
59934801547
60850817238
92787839993
42027376696
31252583630
71399841918
14582881568
26199860156
39686419071
38949902817
12506828600
64570742920
97453261402
37785764715
28413288271
24020659716
19542972971
46054291597
28871664914
65480895505
57464808838
36281814842
15633866370
12665543472
98364306336
88029300211
19056932888
74303584208
42833217755
76341514686
64740776098
92500450304
14911304850
44409345385
10801712783
10903974028
19155810333
90727754452
20190568456
34970848913
12262012382
11494707010
95385532210
15260337492
32299167032
24801709966
26911608449
47124075313
92621416109
48374107035
52740114001
32007012520
62433036947
51727156517
18133339221
37334915393
26805794177
16418809922
96006780580
37431219787
97413156382
97312496934
42177429243
36726695078
90800074139
13538330417
19138833426
40396469485
40042259442
64837498848
40056595027
97665725706
43116138640
49091901955
15075677902
18217873284
20642008770
36222454061
83089324220
33652327131
15435852650
80618840381
16366762648
91369685937
76926527789
37062125387
79812286024
12837604658
38761175674
38259177790
13101812158
49819815927
20597826503
77531769407
18163636355
29540026011
26820010683
86396305706
40038046442
86927246107
82466650696
92243006353
88639070005
44445979805
63355241560
90615205047
63586724170
96807499188
31896624142
80926991807
15732164520
28762072137
32075511050
21738055847
66461719475
11709662419
67230294671
48948968887
20095401835
18443948389
64354687538
71027523361
33312088917
63038976384
93384713497
83414317423
13721700309
48413108631
25431893866
86966930852
25251838531
13957387590
29802756538
79756963271
25460598207
34327750177
30396627320
54272629357
11170242061
22643825405
66772064572
73513729506
76786191572
89767660765
85789221139
88191240013
99046358217
82164639823
48263883057
77235769686
15242393010
14887796543
45824473560
20990937914
82403792888
50501149051
36967587445
55736965261
99519632915
36336233439
44387939852
27766643559
89555985245
22636617275
90160914733
26215851289
57302084436
89569012402
38764617631
21265580192
40753809179
21176275077
80882512238
93185939507
24575269234
34698906255
84378060738
83137357165
66708912270
53634300602
76469650048
29664425192
64792160173
25434181693
98492228074
35245952441
30088622223
74876804911
78992164981
48623742402
84831947903
21698046078
11602231363
94166369928
62171413819
26527662916
17496261615
75021080650
86875249781
47236331561
20223444468
81184573178
51925129586
64388910883
33876858585
43257192335
81219223496
45929873886
54626710929
88649810833
23566736699
32978418956
73166847813
50325703292
11258031176
17944993702
44872373308
80387971998
68564019409
23655914987
29945618728
47030118242
88738782104
33218409073
95544042360
39111559646
30765396669
68148980934
46142908163
32631371063
70849171705
33253663041
62979968082
47995768329
56468803738
50025988552
63632542472
88591441279
61286515368
21388426004
68074559047
90426413834
16242710791
61473762338
58958957554
95017924681
35949496655
74887313366
88597481036
71311506074
40629500946
47903387536
36167111586
78793230034
43313016810
45467689066
62342757727
47387676135
74783710761
19911896171
43685509186
21597728779
21487614625
70674409668
37226770640
32485654419
11193405968
25985876008
32494294674
65817918869
22190346588
17697342613
63298439285
29890601253
85079797325
49342202950
30542786938
40209323271
42573495854
25610764225
73969136075
57799233747
80976001604
46071290354
32050828865
26424906593
74077332496
29722584746
76110635327
95850024257
82839602896
84646358587
57955053348
77323649703
13389566870
83434524835
14956063073
99731423941
35946540482
17082539368
97881848853
35645249836
91953380840
13860019220
10216490252
22390971332
92390533476
98765867053
97851032241
33415900216
42361907907
77257854322
32332370045
34472682673
29666790792
21075116178
88206115895
33390499180
14198323635
66365176482
38020103725
23634130531
26905133648
32521945337
85974505953
12773836327
59673582674
91314467956
13735773215
47753820562
34429979676
37575431360
74798521546
37761579496
56524501613
32081917650
94246687615
34633828274
88587760303
24489366190
91490488169
29545828411
43534076863
33479149824
30833421278
32967343878
72004540633
14242234204
42460669501
90856590791
29229486913
38906781847
65942892004
66673609952
59526259151
50506903529
85199412879
68117911671
99709505807
50948179965
77084678469
72924982673
14384303448
66433523463
99311581388
78647711139
73846302015
74025252472
40548628486
68825739709
26260597442
89758808886
11627319226
26542383198
92119795469
51078504154
10004938776
10378786854
31081815645
53189777515
53158779374
63808669631
40671771142
94488106158
33469602918
62775363162
27262348820
60943340031
90218041208
38663764732
48371992807
76760315133
24670996149
59254100572
16994325347
94138064186
12700071068
65452729164
55414123109
78700404214
11731623925
36241981473
87435072229
68345261505
91471725385
11018557382
22939238294
13033256150
93283007806
36139272774
15093866514
21351868435
40673877621
96496436420
66373226933
19460836979
19594304419
36239323795
93550047628
38744779995
21449183284
77170527607
37472649513
92316118440
19361028358
27588031623
49365519483
52638846051
95018981132
61733120333
64674190047
83498024137
11552757489
32663558381
81103849064
67627080561
46032070864
83737597226
38938545565
20531819043
60032001019
88283395155
27064970728
79294088972
56444487797
23577695029
25311654033
49641246541
51093583288
46906846558
58751841956
15926022239
25927483977
40908275404
59593582987
21180798277
40070339333
88758019810
10280645433
20095710208
75730987343
28294570465
24687299483
80591115847
49137571803
68339586975
31243538525
71200667547
11588421109
70626705844
89122013159
25406514105
44084618033
64845127954
31194827450
11325901930
16998964575
77290649840
90676741507
22161120749
43800785242
67749538566
56086492127
62330563221
32963580451
41702534387
12202831852
52089088666
92383551570
49599040744
25494892369
72898432912
11643867333
37578911988
29491441285
11646757533
51960875006
75114395000
98819218383
77820093519
53736169728
41644544214
51208871316
42299757675
94557920112
39791596021
36444943617
68970353075
94526341676
86583687119
11308734173
34896823775
29973135489
51236912007
88822099862
47022628363
81690614395
68416587713
60138774373
51291669509
15248086437
37805949822
84746851310
40930930792
15241814009
84979940147
87235930404
27898262975
92678772561
66032445895
42626416929
41456227671
26568399139
86717652779
77293497918
23703271312
67825967504
18713296019
88630485821
13702726273
12177636318
12991037004
40162990475
32899398269
26779474338
18774754705
31624069057
95674662522
98879377337
28200203167
95610782941
80574065314
96406195749
40462336293
54696074886
85078050846
79603414897
27373288696
86187743402
12474598909
89999344332
24365634479
78302743124
87131463105
58721024744
99129239104
90472385258
44333011322
41749046557
43863747102
77618974800
34855297308
94072586978
67263865412
93330196951
40026980258
51311674215
72862518665
25959312345
37180737070
58609629417
37985448929
93368054920
25632972785
35645578158
36541002264
64371658150
65439792285
58428724604
21168448571
29002487504
99477303468
67134582572
62804800425
99947193123
44579009265
56573773186
24717554346
14603601604
24985353474
89374660032
19323335440
22744502652
64624942972
13974492252
47724544950
99604053779
12795727834
46705584811
47357247045
86047438761
59763881040
25758355775
71065510809
15880326016
72508254250
67100671132
65515658294
44991007062
56786960690
97401372405
20688407366
65873648117
93578066146
48988971778
19592838195
90352673947
99067716950
97194384650
53469481628
83800070756
94885066970
20112092020
69297943235
90717053546
44913227253
20883472486
17676306150
19985946980
44786290315
47091029666
44830340433
29822882072
36300151748
80708677052
26007444420
29466423873
79015726017
25895183815
21361396691
10027035812
92158491387
61932137958
44577474516
48522992252
32726402813
55527945114
37748893146
14613041058
43862017345
11479968853
83932101694
43917108875
99593147602
74100028237
29659790216
98049039560
97123125391
31619182203
28508288663
98209717413
35683355527
54422927331
33596127456
96827427329
51284425152
75732329421
46435331381
84617539775
97566136277
91821434851
48248119551
21439018778
57792566425
34639940380
33075511855
44544186826
36673065626
16159824501
19001060559
37087985729
82934086995
54976487101
78454009247
41894526079
22130155509
47609171918
51581704422
64260983972
21070975578
72751138566
45911008804
30563738401
33842494094
16606677163
87043446888
17518322948
33786027443
59671563125
46553494586
51633508924
54513106724
13634560038
98000110015
66076624315
76875313738
21295868560
14833710213
41799413286
99805892455
62431741469
64505835261
66074448891
33168632597
42526218885
84741290459
34584518078
51489442350
82517317493
69849152527
36902478186
98442809772
20574389562
84772847871
28074899907
66973484370
27627288247
60338683516
87557852583
10554425789
38870060808
10601771637
56952438970
92955759273
49444807300
22828278367
55745730688
29180344011
88991039020
20528080087
74290620678
84447853719
13101502080
36951299060
12116785910
66821448447
17532019655
72953807509
25714715751
39078149355
28224620908
21077270351
66869769122
89467648625
31486505868
34023761959
63037222957
47611379918
24941242006
32795126621
88407358944
31980746978
54335915087
19854229190
21771474616
29088291618
27012331496
39995267968
89247019921
64180950258
70549682957
24793211633
12257465805
89405015922
45574756593
25632402786
24336746789
79837023809
93668517288
38789798042
59291024741
97563868677
82853854053
96259651826
56278308246
40085926866
94761107886
48727084928
97653900270
12378715438
20441117399
43616340378
71486910511
69370400522
82553858740
29164340427
31445135601
49209547160
57411922963
59686457180
49440797292
81054563918
28414973322
25272949092
92748132648
43797577242
24657296722
83031435239
76430294930
89510065943
34906267531
84532536982
96554958593
55980389255
45693012727
69933405363
20969069530
78757267465
78857408643
24178603544
38136988080
17232819914
26997489190
66213047410
94667580717
92594891074
70909536835
17532053105
58601923233
65214895632
21901911197
34667089965
33913303754
22381299332
40847753878
18902446016
36697129517
19226388020
71327747580
45621489040
86866239004
26395731754
22845873803
12099488031
66835677181
66916079895
77725407597
26156287787
11369650126
12942516784
37089642050
36392122491
60637685134
94662666387
41380139357
29418804649
11745724781
49614171807
58037718663
72601478270
90703072268
11611872642
38833195361
38904006820
51019827930
17497973364
70524985694
74599809026
90332516013
74581442842
30281892715
18110581680
33273340775
65628007828
26055020487
77496806187
12231541691
64151741046
47072096011
25680728111
78842021031
66828438153
39288002953
55822097775
36224909661
77559339395
34212716372
13568168257
57012936802
58561893342
88579473424
89792858306
16984611747
54833491327
67074649869
10033017188
53994160978
36635106685
41232779261
45928825859
68620804511
14296715306
97321573040
27753029680
21299512439
54711588949
17806157183
70230724781
96636628359
45619560013
16595676509
24172504987
30461905102
33392428580
56052164985
47596483439
51984857339
14233712474
31556084198
85786556139
64540449508
15542976255
40448333760
66564520374
13941623684
40671154970
40469843650
17368878504
58459437365
11130181638
94239221509
65730002876
45909881180
44417102315
81510410260
73752216022
65337065237
67967434297
79143724355
56038670758
33729242140
26517661115
92281375671
42734511456
97731699757
12665369950
97761756248
51046156464
75281852378
93419053344
28039794538
20871878431
10355949520
39766370436
14112317564
39522990269
48817997670
58189334186
38120194424
33102738519
97204909407
59538126085
16990311097
46247818113
85125215592
24929425501
26309803560
62649862102
80157658039
69816881785
38229066472
31381884291
39539156853
62781942884
18863430647
21575767889
73663057402
92097996414
36532631786
38346091878
92411849711
62560477380
42350039645
47652196185
70959268353
27684358072
77718225769
61382403118
98551508377
89593264257
32586103094
15276311449
40850210329
52372882272
48624238778
72952938736
34812194538
27362125119
63552874879
30764701320
29724037851
37301268032
15452681662
65693647758
60475596933
26870627358
84517683127
19704971902
53610252766
68244922033
38999744746
91141467005
92442005072
36639899885
87000943892
59833986997
76652574234
84250095576
14855430947
19127425120
40617196789
35348716845
29521191748
61921349503
99387945553
92888216786
91624433959
37140271325
91126072570
48808367643
43688210387
90578571435
64568942442
23196824123
29545570238
11352954342
41088468617
69502863555
68795489046
52157898925
99248632736
66572225131
17966488462
64115634928
67957524442
19811506550
97960111818
98413752387
29999543603
93927536212
15569044840
23103627225
64070235053
63901887902
16644390881
39064992622
79629542011
10155484522
73875764576
25658885927
68297102057
85910371493
91404978655
70006242528
69011602123
81911496628
11489832359
36592812912
61756423572
91362782909
15149323416
15882906443
14935969512
51837449122
73616202527
17268037476
25085975902
20396078454
32357361013
14940807713
92156904587
79869690997
29978057846
85252476181
90875468348
80040075407
26367149385
38724654061
52171296980
81112105370
19860837696
83264857700
12414694701
83614171997
73000077360
66217716732
12125419764
36000563903
64726523643
34233252513
45407512285
97172057744
45067387000
53554685664
55088489800
63648566978
61511680578
70984580965
99317259745
32228598095
30434101439
78935998651
43074323922
25663382500
85426127540
99738040196
18116181636
39960247901
64903670978
20790258116
43463431377
81785379545
39391986209
94048500593
29326027055
31883935236
72988582827
28968381213
53921051891
86226956120
71654673889
67755882193
10397103587
37918682176
58722395144
41369733530
24061727033
16647581532
18475952557
53352478893
31074338045
64898022029
45991086667
21770331738
63663960108
67365031982
37187528149
37750838919
46102022394
17065241034
64128232712
41312700654
71291538113
21029709154
24726731157
76253980222
98521410537
92801504201
97917869598
82024839633
85650175922
48249583273
40547470937
85538861239
96003486580
88256620221
65111277776
15175821829
19710727095
49257570835
14751470570
87188544235
48879659773
20186411001
97037299676
67425782390
37025818748
32015773469
47655894091
21992112042
29335088562
13378737564
99833255067
22806778034
77589412509
48385446141
75442695579
31937597111
36904804891
49248010102
92168541266
36545999543
59323159381
34183212438
31945412060
27141744886
94984213641
96539468111
76987555092
79260946811
15690349151
81485003675
63087377910
86623815559
68385317250
33456136361
30729402308
46815659016
40313332571
25503308353
97908265971
38348175983
48297391497
22375854504
93252427186
27940165717
33055742792
50124490651
14524642038
78811195568
33445551828
33128923530
17005158853
48383508290
58289838885
49892258484
26375937942
61744058066
38485821495
80654384601
34512380391
78044743878
65242928793
41446786366
93200300189
34962752261
67181802396
67799884119
50365391740
15229701652
23423307082
23883193353
37843403061
36812508071
18461322373
85445125795
33670773492
54130173540
50319268865
87426247672
76600051786
20534326643
33804187905
53974277244
29361876974
43815906749
48189543370
28903448632
44776419585
40119678157
15300907861
16132204837
17991567204
15253987437
19161860987
42041387904
55018680368
37084999101
92185669278
43043140381
15317946645
63611117833
90871189548
48998215535
60551070647
53271872230
32932051682
84272498560
11939719778
20498605231
75976896737
32209481240
38835292239
65732625500
37612705502
97971055046
35407884120
11612465920
88813553983
12116593415
68915797424
51266049046
67177300419
23008882631
43315554011
42286702515
70015250556
11952688884
22880114069
69067753225
27187182933
92409567582
23504864691
45143000063
62023346951
29512044697
90107869831
23362279403
75832960120
75165056624
11028958488
32556165082
17961877635
91503054597
16801073883
47373002551
76883837793
34507966041
62565345709
73588080915
10530547498
45524236541
89409735722
15209923041
46252239819
71874141044
22272303875
43852697717
97626818780
28798909933
17687738683
85660651401
43567959633
73143907150
57125204050
28025856910
84027099244
27290869433
60422131030
39359858267
23618029625
26826282534
60766459124
90053252607
67560200874
25401960054
40048327148
70455471164
92705579824
21452061562
59908419335
33179689876
71326643709
33973589683
59061036904
33331587728
82641250106
40490121384
52514590246
19061652712
21972998057
27692161001
36573228206
13252761759
37937322360
96159926233
20749909026
38192775205
88533658177
31058297287
66820255020
15340825908
36650264520
23725148195
88561119667
50957406922
37195503706
14144596681
43109385534
53530044052
61865568601
36705370944
63596364754
79511799127
25935881933
17528895227
38235032924
13835675784
36343229145
49713952149
20752950026
36917850597
25827649234
15118287953
49271918914
39747997251
95487568109
53618742272
65572507204
69718488859
24399992821
23500294220
95833969602
26437133201
47221290534
95989082596
40446852482
14502987853
50749760673
30282479664
21428887322
50567435910
15373332226
37446893249
71074572385
96233820190
18376654764
91985710358
91058851534
51900111625
34553901587
88259000970
56487896123
65213631154
68852506749
87604186180
97383237142
74988300410
30270453558
24437936861
85378313343
19699136067
17731048052
84493035143
73465138580
24595410890
88285643982
22710944240
17012488410
50389291273
31704498372
70966593510
36093251602
15220445174
77248313871
41265996674
27794290398
83823191368
55960790071
57118077372
79861190797
66185469920
55403221630
51811403781
50176343797
20418296388
58319462226
15218041746
56153778814
50620080613
21583603273
38819987855
63920839957
46592598555
27323836350
20849360395
29646311659
28622321668
37547105392
94135580786
97779813754
23475438903
26550236606
20295411382
71333574137
12623882953
40456742893
21067531723
63992290817
20892722216
23624427853
83604943891
75556683557
38405789858
24343175746
39119879952
43287548948
94078428884
88593147879
48874624251
72542975113
24848879013
26905693370
93942041867
15680194818
24870142625
30704791367
14765685127
91845622914
45522334769
87298975612
28336949784
75840768042
17162153706
66596619492
20310936583
41211095450
13196278178
62249739055
23373468231
59723021671
33027933631
55210382087
58747158928
41272486580
38082037306
39336492706
29599951940
12611118248
97559118677
29158052176
47513587046
52731808401
12458681403
34165448705
26110691041
16656697238
15263768465
32070729372
18542096166
27138122458
38104987562
12678684178
33529428769
19600188847
42445929743
11291031239
21791265244
14914237301
86068856373
22528162400
33827513039
94257647721
22914308160
41128550084
38405448580
40813366116
65466350427
96331654340
26365040114
19730328636
48373662607
53026103141
18503105648
49857269523
32972209356
20291964206
18809140894
25768341254
28571639593
82038277661
58638331629
26437205950
49905893441
17928148094
37293183875
90336824868
22812041539
28759537336
25113496890
93041169588
34199930388
96728545352
95193894945
98029144976
14683037788
74987640810
56312858737
29386481209
31342785624
10188937240
14411998661
48119819389
78899112039
43336256572
92722201785
61441184969
86317334689
32517204736
53537105158
29430922382
95313126550
23870416491
54902322535
77010279382
16886079770
39405927036
57378351402
28784827748
14854817469
16446062762
57596140976
99918638982
31131994147
37577886160
42611466702
95129670815
61499509523
69812161009
58336595881
90346716268
71903543483
99651920732
74663818956
46014949679
21596166779
41911336837
67109365438
24272079259
79368818459
31272929764
19282464393
56413459463
35563667949
10114140197
87813809178
50385751995
15006443192
86729217285
17852740363
67265400412
83310167524
16152049544
16199374368
30381083163
13614411853
98625558585
22861934614
49898526563
70127724055
11958615735
82710333985
27104088368
18200450602
50960637471
30221693589
26822942856
36241044273
64856284382
33129990931
96992302280
21871989758
23421824828
40143722914
87053184167
86278250371
67609399749
41195545344
54239876823
58894351424
44038588558
94930311688
18405687071
36796831538
47998895251
54193956748
88372915948
66559619147
78833099231
21776167687
59180650136
54242426545
12684215084
34465642818
25113779836
72913193767
82350711664
13522183311
11760234843
21353114541
35963892012
48448795043
19785575111
63145267389
13966187025
11756368887
60732829433
10565046440
39605253235
11835107425
40970574734
71527043507
53712906144
28872410891
22728115495
82501900638
41879939974
36198406650
31695658293
50368799018
36363196208
59734818828
80344962331
16404127016
74597052175
76395419639
78258164206
38726247634
31990459108
88534995828
72183937090
61350778376
21328694478
36301366000
14829947484
39595107477
16047762123
22594478835
35563578271
24787009981
83530280306
65862725266
92677850412
43282971069
35322268955
41163161680
40652237158
42324387182
37866237602
86354867109
31886844236
55269954813
38868417279
41400063969
65609384844
24962440940
79816951824
84137804771
55580529616
17820303395
43839789560
53047684526
61230878171
35443298117
70164507624
66126828817
84227012815
92214773941
67067008242
20595144024
44211544838
83363906975
29113571308
67016188367
84748750937
72130299717
89454021095
99564877861
84357906604
56760268729
24356472130
10386933360
31908629397
91495861369
36035312475
68359268011
10186736813
37307803833
17430278555
48327762411
90003950810
68657359778
15999251197
33137030385
80289990829
40453260639
22887058026
10523441498
83994688405
41520992347
41993054629
97351001903
70042796168
43953278365
75440958830
20925776255
17656802816
14870952704
63325581697
96584744884
49757462946
47847722234
77035990367
39095974512
78014449788
38119578468
79996364759
23836393529
88295616312
57070960426
99691367423
76308545819
50147827036
21059689194
10405067988
11019406460
16830769668
30072119412
19296190228
96228888563
84870444770
11244646470
32212266989
79696729568
54577017254
36779875275
78990157754
56227812971
15295500912
18860817141
32471183940
40785742296
81301491289
81438847679
91592925790
52567298121
16601919109
65036262995
83103139753
43237047124
41325930533
89501384664
49715567777
69750068428
27418057292
86111444264
43014539863
86629142343
16331807408
41233947262
86606332531
22192710412
86098073209
14843951920
75616906365
37597368145
86868044675
56176208269
52802042931
38457400282
81283254301
29507856296
72852401916
18185866594
86342911603
22394575837
47611259918
89363843275
42830119277
84483072315
25653522048
51237996607
22386528931
26420371417
86417866039
40092823517
36677378905
30450772945
23902958260
60393021418
93356813885
40808367760
40314262222
89421305750
13956191468
58771342619
56754630451
31634115414
82247626565
68349204332
81852232804
22639185604
45914076831
50501641902
85931489129
63758455983
83517930898
68257064339
40877159768
52014836202
12617648526
10871705416
36000579052
26983102136
49623658784
25455106156
14451577908
78185649119
23066302334
43308230054
17638520232
28876146490
30704371594
33035265632
47360110472
56270388195
45168507797
82435867257
40886940395
21542259328
84906096488
72334307542
57958876376
79824405279
38772621858
96532481060
92332005746
94784206698
30372292136
25590164467
47209987577
10465485168
92328815946
27543718376
57626257267
74925014135
37821148328
35597346613
15041689988
33649179880
86999226864
54922673147
90709275895
79596884120
29306042349
90423221606
55423739285
81187964508
23386932815
32614948984
47694167660
43512629808
42679599710
70087734564
44975632556
16976881641
22215736773
21316017423
11045222272
24270322181
29905017359
31848588989
61530709413
31524363037
76901727801
60146794573
33539398127
99853548930
36904206315
12423820461
14417880661
59432219880
18126159942
77909472383
75446435709
72969740642
76534435350
75218064397
58540043903
76881755644
22119775858
72169989635
39774533064
10795850877
39120925203
39056590970
21924203461
83989092048
29850628013
95955756835
29797125660
77823721747
65357485998
56921506131
25859647596
36829283428
54144359446
97816548401
98630056264
38988083535
50290921931
23257933897
50800000097
31627657885
58460373165
91838124408
14288842001
21640370097
31918445676
11002760954
77123733211
62052398485
61896603589
46583606649
55718150206
56206862587
78719883904
74436483295
50328231771
75542438929
91583790841
30420554681
97463154908
24166149360
66290072219
10989503448
27370240520
18816803224
63242172233
19105296285
53711160438
73800246689
65955459659
31925571754
36821588898
61056117236
26784160016
42089955623
56181456226
33582165445
25724850430
26151207959
15018790254
83001070454
64620212917
13859923247
31066922139
56558115931
40973670589
33042917165
14095693685
72032124767
12222159036
47214401455
28167978849
92149067638
35478820208
10918074361
36143371975
19042147406
43966779950
23940121429
19736844715
55665816103
88678930994
87140594960
55459636305
30761376347
80845518042
26125854947
41032674715
39432240797
56476051444
50886742713
53987213672
12958933314
21106930347
43492396745
28450016239
38298340654
18249353053
75480056470
11737797632
15719441414
81312289968
58674200320
26677711239
22338470108
48474479455
57059974069
58035281114
27405292786
91233696669
90830302151
82750266581
46369944024
40598013107
98323104418
24958195167
88047433294
56936098437
26794879471
46628078446
17292788617
72422293484
17441676289
60708314621
12198618652
11366111404
42230504239
62648593824
97162920211
59919723214
26027681805
93257355892
76539600307
71515023001
39454547061
38996998389
61516102656
49816010727
45858959478
16523406171
34648669510
68494070349
75821741085
31275712015
34405734291
28561456366
28604624735
23482350330
86962453503
39986724018
61678379858
50914757753
74811834652
82101317991
42891752109
79786088883
47383821708
78640833539
54602985344
32031079426
98687357045
88515858765
62124491172
10510910165
80755709476
98077656329
10668609966
97781786432
80095699780
69705374404
41385480636
72290154467
23705868513
10548748212
63781835619
14474859641
87141947987
34478807473
97772411581
40687291154
14940296662
44746527894
96169608582
11865719115
30756789641
87550742007
54758836718
68600410127
86130111727
23470947903
47234107240
15222330496
43880756530
41756630341
45670941464
23691885007
67174035341
75249452511
47735919029
36550923916
44031068503
48281112163
91193594029
95847350430
45790662869
45384514979
18183281367
13524622138
31039348032
89929892523
32096146113
26375696569
54886841378
42824046422
24644821764
18290747022
58490769855
26135430426
51271004925
16933354018
27049015344
43621273907
94156581798
46029518185
90617665875
57525608168
53518089573
56510857884
57485949677
96324562662
10809367062
90232700820
23827764973
12178277988
12952768235
23955619907
29672145949
44991783062
38884865141
45683055970
52000316845
63430468247
81986209386
87107115242
86520664538
82694381930
27817908312
31419093859
55026579246
72533436913
40930989565
72811567390
34885411174
22624327969
80543556494
33358907341
45210418844
95678617028
65115212855
46666108642
90786980633
21701206902
70045657846
58193586786
92232143325
85148189655
77507516293
42257065652
82677888024
24484027414
30554399349
30493049541
58844598976
13498010648
15741633696
27101579341
27828024289
41017112957
54050554853
97615813780
27991180369
77683385502
57603652106
18995411080
11647818238
58449246310
90972056196
16950201202
64524482124
94567662645
29518865653
40462328493
94803938934
24901735186
25984546758
98108178663
47923432991
43840749239
47530957431
95251639848
10975617263
96691311234
23417491549
51667448815
39171900576
19713150303
24587623113
58791430952
44580745066
42188331870
42167996659
40365538194
57958984576
75518556388
47585104082
90404382022
33523204421
84558642473
62457443932
67053830685
58318675748
18165400511
30933482777
96384081486
37073934117
28814915812
30297881798
21871038986
55792255885
70892396423
25462862278
37538540721
18554021644
81921684283
92572142689
58193387637
57708243354
81019990228
51642980552
44142072108
11523583876
63282993751
36727932302
21214735846
41111477778
31767756231
42972314572
33250323485
59295928769
33730592419
80318221668
33173551954
18772676905
25846767262
45641733225
27626551420
72445840920
13311811783
64593795532
70405757767
77357439848
45351933234
42896760563
18116615236
71978927892
38479934894
68135684350
10687818029
94894605797
80760687700
96000473404
81162755645
51130978457
80473587215
41119639057
30346570445
26842075919
15210249041
55206913581
88210278295
50367557540
59255019294
15846692125
28776072042
22342720508
51351480812
28069195907
24188974494
39498924735
34692603906
43471480734
22661492087
35851580634
94186739312
87382911205
69977725438
81887800165
19548407372
40088549239
31036563676
58854787133
35766149791
68048153063
20182296377
11265083905
73081143220
72417499057
93068150823
35635710130
30040431227
72396672845
57101198693
27031153532
25992842663
57011721924
25685974112
16506593464
30691655661
31834797683
71318187525
68225691692
20132781754
46745968278
66379756788
46401015836
22148929043
41158739104
38940543816
35416078027
38580950417
47316413405
88770051638
59082893916
42951381560
34494322135
59878432845
27047041866
83105650153
11314323902
97996525309
33739706724
44126706795
93673659166
60243472872
98814422850
32170332121
73421254462
23045140149
21885100864
77131134560
62484638293
39327389177
22415208449
34911704159
74939822441
99471339946
34775783221
12774210327
25396459270
22640517804
90593068263
58993892323
14832245962
72807024590
10814796513
78905897212
25455773356
42157090058
24199205050
86290149477
19704059695
14687079589
64488366633
46822886338
92889094437
12750414586
94804912334
11029786566
99592901273
38869507079
20775713238
31442070044
86301295807
75564536341
65577818675
28181485606
76281688783
95348797719
77307619895
45519698063
15913722306
61464601381
85951949968
24830062551
72255753106
49235410172
38404051458
99109483096
70539851957
16999348653
50504640208
31811407601
56780491635
66901506389
33701478650
74102164186
97004125786
64186156258
32456843861
65619617244
19895915265
28095218840
75395615983
29918747716
54312859432
22989253220
45373852646
13740656937
67248128306
15678075994
70383217528
48866985145
23422764577
99203642818
32452644756
80378766571
39202325987
99554436355
95714082146
38148482385
59519800073
27318569523
98221862119
58876384467
21059276550
89461194895
60365782077
18905872166
53399019768
64463736770
46146929190
44371415989
20939325388
78168196683
79228808870
10964769408
64102459492
12381115186
42187585470
27431340622
21385271075
49465659955
54415991103
89507881543
44834841817
17677711872
67050759708
39246711835
87853076025
21845318024
15752616104
93996217142
88038087639
42012635485
21413870966
28048602749
88422495701
17807449140
68772328607
77740549205
94055656350
27136429459
43614327978
69339961353
36149850704
10538182256
27505541137
53690802481
86080491679
38526746864
50315169637
29197265294
80158117788
21392090632
29707716640
46605295034
36175480316
67631369439
94967346535
59080583516
39861638907
79791477961
68981808311
86061936840
46462743993
30327681061
37258533009
35094400823
80390224049
21691057694
19081045046
10534082306
60207891805
38777606658
45626967068
54205849827
91518814981
79091961731
90804858567
58771179168
25288398571
68406788356
19758470726
23199233194
79224306242
65969183165
33751922525
67247894377
76227250053
87918197806
77606153615
24001955080
12843173257
37590484667
77969643591
23968036413
91530855738
12781619406
54844127182
42427820081
85563526678
98721080735
26363129063
35797441359
95702899640
34794187275
27017317226
61514077507
22943836251
50371278340
24623705831
35525586431
75395662606
81546057778
23141230970
68379361493
29057958728
34127757909
35517968925
35802981360
28583287578
46745638902
29952698861
81707803909
66495469366
47761845468
52817776116
12202609852
27684824271
41166815081
39233501129
17968414219
35870384568
37608502051
50468263239
58550360758
98952542545
21062645150
56101556888
47753400813
68940254063
84586899414
66099951154
57536678352
66845900510
61248831101
75069214125
83270515755
22631793753
37286965221
75560240557
27484667924
23758964042
10954176852
57767617813
82730437969
24595760741
18140751021
10478271153
95023505387
55802956191
20969359130
44457626060
70743462876
99158959943
95487082485
63238892955
75063932925
20467088984
47127029435
29157337505
59389640362
42803290292
49108614183
26266232442
41487345934
66328721615
87351114809
89229720736
11450864668
35535856831
46030439158
31996111763
22034634716
43100861256
25478791913
19119903764
11745170137
14846157268
29076007434
89656889917
21837498868
38234401029
16456660068
33680736422
18619761304
82278931028
12771543127
11111112131
22693924378
53188737892
92905875649
83137918644
43899088290
92833036535
48085967271
16608302764
67841909386
41785811231
93886011592
35556086992
76782392572
89558864367
35477574807
24118242136
78752681838
52939286097
94130009210
78894229855
84792541683
59939924704
47841684155
77673713251
42441542343
27146498415
76744076627
48881165851
55558619326
14650614271
33303850387
57900739524
85024774144
58440586180
34557431611
86280712101
86107980715
81283761477
83616997621
98128719404
69219279948
55409708230
98939426161
51198696665
14095245485
87255878992
12429316383
24889705759
37557199576
51952927500
14780853339
71544989884
67123543344
93490770231
53240867539
23886601353
40704948112
23624094175
43252647429
60001983583
91937437083
45390302179
60667955174
61477637938
82561171089
40950512427
73627561033
20562343656
20068932224
31255444630
19911908771
23762906642
13477573863
48948065660
15165637122
73824137231
32077353823
53446897216
52525282995
80298179856
55624795456
52864858383
69040937284
30409884454
91614163280
92521981187
43600430523
25077515545
93959737424
85494296897
57940601921
10182652684
70792958473
43601630923
77959198309
46799908153
34709879788
10613405891
70268253323
96650060943
64528777924
20734070841
64267737851
43732201234
23219387630
24172459011
45014106152
69241035333
42776567025
34744205930
13222779241
52535141525
25993390636
70572409969
31372977785
58435562153
32037781359
14473567842
15699857978
43163973386
81493985632
64372514828
67992781011
70458086842
47298003942
92771628832
35620016373
42523728579
56073321648
15508965738
22087205940
99348566035
17465545674
53672655069
58783600046
25693865618
15877080937
47840833806
88759656610
68728417516
29731759130
94675009544
40919023215
24242937169
90178345118
16603256536
28627438696
41256855152
47517422474
18982442096
28913297660
89644138360
83195032746
73551155373
19464243030
70248537044
78430796435
24388341943
93697643378
81383702027
94194196167
39506527214
39358791667
75271871072
97624212058
62861804998
22311009194
42736294135
71550768162
10519660549
56083682276
46683659748
14787611993
72541727540
34754914636
95669834244
42011111484
96098798052
65776098594
21330411902
89192607967
61222114238
17927010744
68532328640
30325641112
59307693926
37767363903
94056056001
83740622653
44474604939
68996265087
96205902551
61296211125
18648255465
13790439188
38485675546
32159605165
11420657578
71638059183
63420951490
21127024626
67600350270
15358219764
49994600713
90944473035
81919504507
39288436181
89561134018
75103402592
34733132346
27422617744
89520194700
64810669609
40996037651
96237484841
30121008090
48363314807
18183465218
96115060358
70461230015
28740375230
75119515627
12624800153
75421506567
56730525466
18386524443
85527848639
11712956019
68943410863
92097368708
97991830336
37030965575
18092350373
33763186858
48240835767
83245084292
52373573629
48948335911
57825698516
21197706062
34303117965
79558992151
67339204048
18074922362
70720569143
98885666815
18009782581
48618858429
93445162007
18580313707
94575961524
45280786225
24776884675
57334438154
37569047333
33286934254
28344236740
91949202240
28652801437
64357653765
79485750715
64103966598
55413601030
57403932763
48818801949
67065946242
10285419634
43030735274
30724925178
80833845414
29784927154
91560443378
74154747261
61910495719
12196111373
88509434616
91032679471
22464589619
51386676130
43410759509
94075559684
36812756044
39334691106
57502274983
80452334152
32399998104
51858108777
17476030352
13553944150
88144737487
98014788721
12914666745
38536261370
86851903569
40084583239
15421039623
18962626041
98390895375
50229735472
85559136051
60960493016
13779246160
34340212256
97156260081
56992574661
42641315985
10572710268
40234806413
30927225976
44006612041
78126178565
92789725193
77541494983
44095021912
49545239242
52223057777
55348139849
50218857193
34409536970
44121166995
86307336313
38199018233
34570464117
18181915818
92275458922
76253277493
15452623435
14588840446
48017326914
87344001330
17217577557
10120627953
82597518858
93579499146
83435560913
13159086660
27191523134
30372003058
42994886407
15830441368
16885695421
74654436729
46039443742
38749223124
92627831486
58173611531
23032583616
55066673564
19131990070
43216104661
99727488019
16611210364
30700869167
47695778581
44989156540
89636148254
30031425243
39677227043
94647481932
96302492677
49229801023
19060196912
20713474378
42037957696
24106493908
35497011713
40923739286
84692822584
58848358376
49537324391
31341978023
26835746989
92542925101
21342618157
80643743471
10239668810
23161436755
32396906280
20055570917
18051334456
82348313064
62317129264
53285699563
40687415049
57527035568
85981025804
95900930305
19788546311
38582027817
23365432274
51654197658
48366816556
58901793502
33261079069
88173547707
72154962356
95671011993
36239285846
95696611656
97743801114
58835654000
68462834937
47998492902
88681020994
21924612782
31467747656
19643862016
56362746639
39950724050
39196934638
17655064766
65288803562
44600776850
18518732405
15114133597
59003011229
94381759153
98493671647
71008313977
42880733830
40937518349
17593076957
15583835625
14103820085
40831764423
73396117623
69096321916
45347378712
48432430659
49830277033
23231769085
11493672237
63643612229
84036960723
85253067005
73097965910
82825601919
65386398712
77414884323
15619725064
38048756486
93861161031
55588990538
29584145278
74813973479
56180183496
70237816311
22020745081
65272778507
41737695729
65890679678
80179984451
61692395242
43782850258
87820027613
45722078739
25251105704
22802624833
27467324968
94992852320
46091169139
20263367837
78799397913
48651169390
75739744570
20096968808
88687995002
57413786590
80196839557
53699121587
17592453636
20828896383
51228566077
45853732101
40144254463
42444221716
94882292742
59537964685
40493113956
34084093739
39943772971
17535963211
52482706128
81455903585
75944028047
32345589829
26331419623
58593912554
44466162660
53930937369
24444036045
65039904246
44304988781
93930540161
74875475033
68525895189
33437880576
27706390507
62769757229
70792504673
36044808727
71296405619
57411068190
49079656822
35816076317
38329207372
23371698380
73849553764
56451828605
17289051539
47722382601
30229767240
94993921547
10593753280
29303965644
44990360889
16557986940
23403132243
51501626907
67052360136
61515510978
21228647925
50185961526
95333495013
35484202435
71648951661
51698528627
86998245943
10807774356
49970199250
17172353612
36558652171
44587749293
60455759321
61693422964
91189101672
87913766755
47681866275
63004344972
50312478186
62494273677
11663095093
35659796315
67537594089
91153613111
18489826114
32440101849
73743660116
54305216275
40826101371
59798876158
93674428339
62772471907
99179358355
30512583925
63259710045
41434883260
51678935415
74777042883
22443207407
34629841552
50514508635
26087983629
94254825321
75160226345
13793268466
35369368151
93080559078
66059668409
44377432118
14440241524
80685173668
57642159851
38598466699
86707046003
76069201903
30344350646
15373096148
43191836276
63311718469
67465377332
20820940607
15736612920
67753813044
93349673108
70028804262
69467033743
26548557398
66135405994
16810198056
38581466044
53874736518
52602034361
22250856569
60711626021
61156722535
25496019596
80027613301
17852913658
23976962719
25557003906
71534234456
95236857914
41956682261
51606377034
12355145904
13249240681
50248132629
66361351255
15554463456
22986880596
56470178938
98901999443
98049022560
94362458820
13212865136
35130035514
45534093847
58994677950
39875765962
10020355411
61224735293
15249630115
22060789223
22244642464
86836801514
14106139015
41249931019
10959780330
16750568981
32560532133
42536598537
39022817904
98735037241
78340210069
44315093765
35918822815
73496796922
24274597459
29072045634
34259856769
31707494450
12842976885
76973284915
30110389357
43073255644
58154084495
99403955738
55026611395
23206397751
69990865093
23562859393
52876722940
66491981793
73050580784
41426738632
28970667084
94177828383
98017037097
40102274223
61061121515
63924405436
67403529802
14274676844
53830441576
48068331487
27580929294
51380227851
53133941789
64853495833
54941544332
16897170876
90264708632
17267116832
28542975354
23307944372
94569284245
43448085949
38341654501
57321646197
97944818712
74468977915
58604665860
95065867634
19486060241
14586260646
51829486165
46339905882
11650331038
21971052179
88389886132
34038784716
92488694547
70222609926
42033889897
71806410314
43942271460
39320966793
92132725775
36665739521
93613531558
25989337158
59274528584
99098535362
44375262468
79585096363
64910235535
78293542045
98946793294
60469001776
45943450592
45352863512
90098081674
73491574522
12362415904
60577819581
42304978727
22410090293
70298681441
80178901173
83223025158
55968091471
42745536789
47520522074
31229425819
30406464775
51056412542
23551524088
44291051675
78979338048
53967800687
14475555790
23158959100
63130658628
91784815811
75956054796
33792897148
15934746239
58925393542
61356243506
28457926345
34525039826
35772734097
25760095297
16992387947
36666901897
43343344101
43011113714
71589421559
38061899792
44626036889
41050178326
43224323767
77572839125
35851087835
29016957786
55164981036
41005780408
33863603435
47603160212
59281518584
17870569764
12036550972
23230652535
47249902146
94904448476
37494408419
96604630119
12221786636
53560746342
88513490965
30297973876
62996357866
26603323179
66833006153
36564113727
97513814504
54081934371
18090266774
97361218879
52529142925
16611147814
97162576960
13241132304
75705127958
78019166266
43290021948
42050901853
14009189543
45620052413
32098362035
69991192516
37133714847
23852582608
41907605986
60159897008
30386367642
99924414911
20724041684
91445159694
62280735546
67328143464
60299278425
52129319235
56431962291
16889845570
43523104636
76946797852
22268422526
24187249544
80815570179
43383489046
48387410819
17811258888
94873034715
37171314565
92024196900
18956975441
32158793886
37052719359
89204324446
17066879156
63945963969
12067543984
94914351433
79847960464
56043689385
57148184062
96611876296
94094997119
71901991883
19948093889
57803519304
49004018484
21007369048
34321607749
37012654791
50980265055
67182467125
96309823677
63208815543
39656328580
69376683601
54693757337
92533692093
99371905420
24508971348
12726897453
33956050401
23505282542
57083369681
33627495641
56279584246
39219096050
16094453041
41734409251
17970134314
64778363946
67135517823
33667564437
80545015572
45816322481
84686608184
38187774405
74216429591
28650750532
53714089865
71468915048
35376176508
35335608088
89060565707
29616657874
12559562451
11602025214
26013810621
65118076682
38168659570
71462655675
70147271867
61451072048
53479170228
11047220699
35292929915
61491672193
35124794385
88033736960
30069512388
91659712371
18068255412
18909530766
33996242946
38526884420
22990368796
16697451557
71943158703
50394558803
38100240761
37912880470
34641641580
30944446134
48759830595
40268098974
11643108038
16815895440
63808390380
24966804168
30848183984
52864879861
42950141611
79891355382
93886758592
63567043864
41498085440
82766618260
10924516389
15548602628
45653550880
73161038483
43190052205
56378742094
62250963161
42926428521
43638639468
89545673112
86937900013
87346189385
29043018771
38348021834
61547033519
60950294259
54644061862
41481128083
16783779898
28844445051
25663886700
27178453855
78413015301
27852792551
17202672624
91773749305
62419195990
14138243054
67835250786
37742914040
56696080948
63678837190
32952331572
12936858129
87358018315
27455003113
93924537012
60550882996
75325786374
36072831044
59017116735
31951678766
24110547309
16328170302
18272380187
33670159187
17989787274
23407373149
20135703126
18029134471
23609956990
58225157555
20345186508
10001680749
64202659270
57547114031
83222680931
87492152626
40829022517
75372411971
13852098820
57222121071
80345371504
75002761571
15577376267
36642638015
12934273878
42667383075
89636690054
68649412202
23893004353
29680277749
99520830743
20909746922
31457861577
70014223277
87551261383
71563706096
71724147497
27687097672
11774940898
10940499224
72727068726
52738254672
33113422895
42119259689
70100874721
19296131828
33625398119
48903560636
29713790440
24550871771
77759565538
93868234309
18934265429
96530879111
60414012830
38706346928
22913240560
27184109706
16380586353
23441672439
13326148941
10967498463
94438224056
85236962648
85247226926
44040019409
43728047183
85351848480
66589736186
73206276758
33179380876
21302482266
68433997368
58397463635
60819626375
70860010132
79105176010
63988952044
79070923519
32444462077
17813990967
41673924426
30151026126
71390554039
46992957873
40087589788
37346844402
35238311613
76356267921
80818418579
40656137409
11639355082
16608118163
97916828771
80141172906
99865360609
37933630854
29360207573
37046435132
45498069808
10888249270
25062070317
15931473989
69798408503
27671277416
50240105978
42111636834
69566477814
34304408993
17251549021
18354640047
99343331957
73795104913
51980234339
17305443150
31670885054
66039886946
35309026127
18204139029
40868142584
69520940218
41597196688
17861435336
20694676673
97833081935
18935406256
66740647533
11280973933
73442705647
41288259764
10208733425
13610683680
16649215211
68252622512
59848182711
32327941394
85890857438
17113498780
40230381534
98898579721
53155816903
67891297834
31854053295
15715037363
41501335590
48650275390
11589053057
95875017920
49757273495
13696381968
58860594533
24120205814
54326764710
72196779674
71250939371
85602435169
27638907647
62365633939
15854555404
26591583995
60426444336
13224379269
26162867265
41133273614
81577910468
99215777324
52924813442
15321938446
98929943082
48847100612
53813267886
45359439018
55166060863
52122056878
79510002955
46902017052
71767160266
19024985221
25613398130
71230779359
35491025635
22839036195
12382036116
67688542663
13219545414
79510932727
51974904261
74079796425
99077125178
31171811892
29382360480
31421345259
24478285484
49120265618
82156123772
97227517768
29460883073
89931070445
59563465269
52857487355
24492888190
23893833805
98150779738
30059565255
32920933227
28099961119
27605614984
34735954024
47395897763
16253483270
76321374525
30843731183
79336246569
54597916493
35773936297
18662386371
22680262001
85712287225
23079274562
86450157357
84371072110
86938742962
41220304983
44308987337
10722286069
29400036291
31589500940
26895357942
79158033112
24020818143
36823080777
42439322716
37959907494
13173485994
62175950874
63559508609
21665521482
32916757176
45889158141
48996971456
89094904719
11956010936
57083693454
26855503825
33037335181
42530243936
16582571002
66771723102
20653505205
18650230943
83613389570
13940190534
45963416377
78735595810
20821877078
70188843836
72007270182
13179638672
64056289974
42831903877
80947050341
90328564284
91651641998
38666634759
81759298254
49364760083
11256404827
92709046851
27410051892
94573172324
55060178015
28242216614
38950875766
15407568187
33274013175
95182996839
43151680158
28606567414
70598467381
41879780173
80479014015
79889687060
30821405572
89242242815
57480739371
52279051079
30804077517
74696593125
37614481679
25350338030
88098447047
63127665228
45632689668
46645689830
87382034397
56686858164
88037126466
48994739107
18537427111
75116336949
50713765633
39229595007
48006915608
76120021876
98654833554
79292366572
18520654832
13750306843
72253477498
10860163137
33206020166
31109414535
82480973626
48290315191
60886848156
82447243508
55393514873
61503234523
41721885623
83692117457
32861654751
85149011706
73267002488
24681262083
56526522868
40237570013
20175577201
20303905433
18943509734
70879941144
11163345807
12633093911
43426216737
18131154821
46735205772
53865492918
78595385515
77658978718
29789885754
81952730252
63474233392
67335401397
32831224834
11656428866
16545413183
19032864022
13959141441
11607983215
63169279174
29828255645
99551048433
21042236738
83762304238
12518330655
36747927114
48745509262
81190021084
31183601693
27076068478
16294047917
68507054506
93776771716
12317913935
27199719389
59663067141
79778525134
97088813673
62314450342
22834811594
72855309265
52647286157
51135215457
38372381489
88057469223
36812009471
45511590941
30201010178
49471382382
52021563257
42430164986
24353949424
74110752743
24705836389
40893123874
50794549991
25168723017
24478812457
70180617557
14371344143
40664201864
36961150417
27222188373
20524015016
84329148290
38453702682
38535697021
48228158912
73968832448
47465571650
66337559615
19611886404
25185021922
51847244750
60728011555
50612318083
89613437920
16415408044
19204802008
54265401208
27624192769
29836628802
12858839869
49424895115
48933573526
80867963932
43127449068
25630429037
85854688242
15673475966
13926800377
25717206151
48850779588
54548148120
44744274667
43924439605
28728017619
21080802229
16892108997
13449042373
18686438207
53152920974
84057526456
65842704054
37208242934
94910259433
76442973957
43623319484
75108965643
98986117914
33675403838
78618232276
63264492767
60722228727
11316809529
23002191353
36991391908
15221838896
77020944461
27292674911
26994099990
20991874036
24082494818
29456878818
37029945147
27986830890
17283041287
90284107244
19321052212
27806634528
83359119948
85467087858
25869935874
57300047009
83555225840
34301879138
51451351632
22120540004
11553342540
71373325706
77195258341
84012544511
98246972880
62164027768
34436115954
31427036365
25719128178
20765007304
84469039731
94655117611
62278466346
24243071674
28370704274
96241042069
21097690790
33112893224
58820016337
71931353268
31575610539
49536806269
35586464307
52818046065
19701407545
39958734701
21548581328
16983725296
27690610550
10484878326
61192348575
35387044336
10463299890
34247480741
96276355465
10457347941
18007056059
43756340419
43593320645
38176209049
66505351123
13401393428
29531825532
43787471764
11475289531
24002455358
15066373972
50611718707
40993982495
93730081990
17455412618
34743751530
95574315278
22165483698
40231324134
13099573185
59557958920
67344691076
14896165493
10129572781
21706675008
72588125486
47667736769
57846475822
86490696397
95803984888
86783698439
82076087030
18387872616
53555786715
70457184591
63369290117
63015816302
70530225702
57590494800
15573746318
95895493332
98856811395
62973518976
78338335442
60642108562
14032944233
47188081616
30728125351
16015362781
53282312485
18922186201
88318054151
28977100390
99357638463
69518631618
29208975302
15700111629
52421422496
63265320767
70333515304
27188310506
59258470702
65352659343
57599267933
54723225828
84429415813
35130097436
82082749163
77002008676
15357104164
22745197903
72266798883
90665896271
55937769059
61089515876
76517373393
65339425386
77667637894
69068875896
20844988368
51877786640
47932308497
14432481523
89075797484
12503577043
40656012609
73638948417
62915791030
30423132811
54731692428
74432752546
74073776547
79557060351
48711782744
16386376354
49580072838
13138337927
68881739239
99885194891
30729527778
94077854735
16710419513
75116583321
22138961764
52706846511
31429680687
38948816193
24876242904
50343764006
41534597359
47641277679
70028603862
88117773953
77560640246
12249048448
57450283081
20619244037
42064978760
62243274706
96868886169
48214816182
24405652527
35001721403
93956509651
92963383273
81180061802
32501019780
56243339728
60575548353
68144311334
16518626170
82155292493
32052371065
19795033417
53287890485
38538429020
30299469049
80197175557
37811688022
22995306326
50324378692
66251668250
66864335922
26089747307
28679643598
78190854946
13236286947
61326494843
73479316137
70534829329
65904216862
93828865889
41819960992
92225668396
60007803407
48349720501
94962151257
52499877783
23591262708
39211670317
12648970593
60580419832
62400076629
32643416820
38890020742
59704011537
95912311211
44043602759
87874298410
97953922740
11217205952
36397546396
35401042615
87338415330
66418849808
31524131559
26219740419
30093368729
24495395442
27020618775
13577833614
14091330308
11111649731
79279643945
37282299942
26489196747
97207264584
46721314788
12990686181
19359257080
66233017265
57547844831
80906997572
13866448604
30847044740
86401189333
99129771253
41634161403
89632153654
66753593039
82859967359
39012794503
27690096201
74473722064
51533388225
21513860465
77313752773
49537658191
81468933020
56765330078
65093904243
57388308178
60650991640
15910368055
89458146295
19087961273
18505411926
42474540461
81035736812
27061717301
24084004618
62816478931
77715452142
29124434709
91592114641
93619701342
16380942405
23722997725
25304598877
24909901916
88025547760
90435263140
43081464298
44866539402
60426023536
76994357100
37411361280
38686411744
68379225717
85669702377
16636317427
58910281930
15911780055
41723794650
35541706032
96500199291
83073291957
42992468678
36946082460
34039389665
56694136948
54404345574
10019801106
72028215567
26202728262
20508336432
76048765146
55602531922
38275832391
97998894136
96292959344
54089497222
48792472058
40262712747
45201592738
93079509557
19418047660
37985150356
43611860629
10996341648
14665370855
78012069682
78318923579
99162327422
18653094744
37939971733
92074879724
29794373232
25625644131
42025718069
34404430091
33193269512
50105114761
14580450341
32785323116
55573039432
99917485433
34552873638
54411050625
72952101058
31513552758
10572376424
27916611882
43939223660
31492687868
82292255483
67934266309
55930033231
30313368155
18313201034
94582133151
94715608913
49667420804
60973287149
43508917730
42007928085
30578375561
82931567167
91190548829
55682570986
29614892447
44032946558
88121718781
43089823750
55750207618
63214197943
80807834151
20979227985
89255835721
22806036382
36524873731
34273341126
62942447815
20322642594
61322814964
33293515332
10240564986
78670707229
34363324746
88220874825
28329000207
44631945140
57646407824
42925688975
33847573051
17095475846
28701830007
62205253486
69131617928
24591722140
59514935273
15083149984
49253064129
41281920685
27455465834
85647545871
33117760374
85748662492
88374691775
32708847028
65549762314
45742031924
90857013591
65484649933
46390737557
25587943562
11093027947
61149787508
91564998507
94860371036
91278453265
22096196768
17834618124
39039735637
25787936238
59500210339
37545567521
26901885021
86923178483
27420790571
55877182207
95259410448
97982415779
93832635140
15967060208
25384077120
24734679930
24402841249
71835391075
69350688487
92300665483
70692871303
75485373776
27209524745
68874267733
72025791645
22320525899
10363750869
32197546083
78266403182
18548384245
58546855809
38499624502
23620682625
61352242306
59894643402
22341430762
14483756791
41056230727
17837844602
61932798609
89644550438
72434552641
16693656756
39635923796
77570072352
19318514012
44232666199
71003388228
11180295262
83955041008
33172790100
14760722476
78986192475
15521273165
46386365008
92774801911
84302541302
17001819053
23621559147
56867028028
67912888395
11770827149
80343270731
25366600909
30746914563
40068013776
19106520709
73959324820
21368015820
52135979235
32490724724
37347564099
73895078161
10671280523
35161776475
29792579433
39021368903
24128968764
61169536163
98357153885
97982460030
86183770002
31057170339
97315304812
32049536516
76686483152
38044381137
99022444875
32255648236
47428361081
36046196676
34491431484
78018684466
26671523387
29086328489
13068106067
77463811547
28203403672
99279404976
99498472280
66437554863
43656950496
67435626590
79009420911
12805296540
11264975576
66686531309
16118093880
40132931784
66949377558
52160909996
44884868014
54014303535
18241448520
24321175561
63156328868
30488857141
73078038996
64655298862
49802976821
61802345369
10107370726
85639134365
54246656945
39843877245
65790446508
40504023914
12136996322
29541230760
18774837627
23387272686
48376962035
18543300644
79355968953
16262768149
68589175248
36516490052
31251135030
36921716943
16409190766
37708018750
35390529614
58876479039
54348469271
80598430726
76714248564
93129405753
76307998846
64225834305
36654152721
21740076969
24149358175
99850105624
28789957400
24827739750
43388957646
29714087040
75928173313
97212017913
12315621057
15426776745
95083782540
41093441244
70174457679
86066390346
53101500428
13203967430
77762210244
71805325384
32430420771
18449504546
54428337158
45389514630
67765539672
10835701474
63406573713
78451660474
70848621305
46691879376
58156283295
57291649409
45166081997
69145290634
62330821648
74455149480
49279424020
31665959976
80435957395
79105813837
38321568093
71792485278
10881931643
82026529061
19785480311
16424810550
34426494076
72841185359
78181425840
61060041036
93283976676
34011674452
12633840181
20911707776
25610216330
99916493633
61532755190
85836246108
12102613031
60101916106
93597254052
12875393297
76088350464
40196272044
52328856954
62749410472
21213814246
17586134479
52208666949
36341269223
97336067318
70597339059
47105462729
32110492819
86139932354
42246783451
25463443929
99854033730
76385835106
30738866535
64348446765
17761552943
59803082809
41049383927
23452056589
32217612240
30189393322
75281402178
33555137911
91600868174
11704682490
66107227205
17026384011
10969552436
13206946908
26956937923
96463732051
91329725568
33813256082
44624463062
53129088240
50453044282
78897736133
74082304053
41946828005
80589893447
86263217716
15830257140
75420843246
98181487777
46821305338
90402806022
51309055015
17896759854
82922197461
45452284333
49087218998
26469918935
28706714862
33347747113
42091176050
20736126042
39114435402
62317433115
56149336535
53980349123
19531148638
72498229022
42202673027
89690544929
14148144187
18105659130
15810130034
62955649097
12781243077
95163740855
26431788722
24818157072
15050946718
84632233081
98568904334
53178683315
22696704056
73572500985
57798762625
19633962964
16057569951
63966379754
87669241212
17959659662
51290571180
18175788617
19301763350
56460092781
52668617891
22536860454
22248844569
34897730904
17230984114
84308381651
79990059481
98481195368
88276049006
99292710760
50072948000
27080098007
31232432568
12762350422
62582753392
64574244069
54555049069
64707110659
82428583629
75417456018
75887929066
44439270049
24170958788
58336722760
63602014754
15461595863
74070353574
95789308006
25107113985
47431498881
65743579755
91597329919
28472987295
24742495558
57976909560
76741454905
45663937158
33021672980
71672000673
38219701123
95223306557
40156210448
57234093455
81185126657
99597406151
40463645717
22278575327
30969467946
68578163715
11824801746
13591588590
30975600224
34388150636
49503573151
30176813416
41259918673
31133635747
95707326189
52551377137
17836659602
50328189292
53436255486
74314310490
25115705290
16072229829
15891318922
38641760720
27464729713
70770728767
28764630737
46334783055
55074857043
25832028356
87194365262
64792014852
48217942982
48332555866
31483849268
78759021371
22394407187
30410919454
67923187352
20146694511
14360232809
27842521046
55651590068
34388995809
84789658134
86200888057
27748980504
52604590212
56537856096
85362856410
76005007271
81429245973
65243516993
69629804944
12493476215
12960781890
27867689936
10028720212
76158259072
18135279892
30687866833
95113683658
69990333093
27486382203
65026552513
30827827450
33976935683
14402285460
80545671972
43820641705
10901976428
22439682112
86300483434
30190534444
92730558863
45329230049
36937615076
23075366813
63449053231
68985640060
52900534579
69929269441
25506472980
27455496862
85645586271
28067553228
24147805827
24739436114
36520237531
27581447772
19349890079
53543371158
23282574811
52994292094
36399506997
90568788702
14042289182
57446953159
13598136096
93165913593
33398102631
81589170496
86316136862
96657490743
68215653664
10024748306
21206977818
14516334587
65131675839
53176091009
32356119084
14238893726
43437098043
16209456595
55144920530
21612132814
32076943223
57221976671
24169183960
94240835058
92085507579
60771554873
90980057325
78713630547
16716471663
77325127158
60332402516
92625964737
78294774645
85618629632
67999199760
27054347944
42880498152
35625529879
63649616151
66820177020
47314094476
47079405038
99810391977
25293814527
17502576815
10635938276
65682864774
42239924946
36741162462
36662255148
83241148943
22667773644
64014035829
28849187451
57938295191
95789392406
63426333125
37240162495
41699196238
92101929085
99629512191
35033618042
51934900864
12088725795
19859501947
88397514987
74651031223
80835312163
60748690139
82926634818
89048283672
34477536924
85336527096
31043075005
90966064619
36819970550
76738186827
71151995123
99790095698
17526497227
92086551430
53904217157
74474832864
80033450928
42798872315
20279519421
60146510824
25590771868
30248313747
62177421996
48445659565
38844368317
90380087186
74351938910
32122309447
33507942314
62791746519
63627046417
30140637196
36105357029
27446897207
24176286666
23550367888
36658326697
29390474637
16678493945
20959304346
15807240678
92334405424
51439597405
70337971159
48256012602
23437453188
11622368226
90121361964
63220370621
26095291813
16282316411
69844801421
46119414402
69537935724
72822540296
40969205334
42064593038
14904686198
23704278340
54291527820
82573285619
30598430118
24571012129
16533708676
16516222292
22044993866
29709825945
61931326158
62058382069
91256790159
13747645121
61376382588
83380586411
59719890271
66184298920
37759907747
38817190654
26263533591
56074903370
93635195248
83886886776
37360647535
40110244702
15259569770
27399905959
44020954252
51367360267
79092906253
60233172844
64543567108
17323066229
47997790529
84060691507
71679505803
65248060966
76344418886
29857591762
32891747520
11304612745
81255151838
67687108914
30773103548
36712247694
98425677693
77913095340
84785351706
39536163697
16287022482
14839879590
68488589322
19819705151
97378941142
97706441424
26559260382
16540819728
85590300890
96748612015
57537068552
57308755664
84081404068
53623944951
31891800786
72226391737
42193096949
64420743095
23040363044
77585377380
62116157266
12635433310
26841054440
98323622167
46788399447
26271961592
26866205131
76823496890
23547225711
36575982928
89486804480
45858559007
51324412270
70041964489
61753616745
90976657725
97330003318
60928402674
57273980024
45090531239
81724893415
47687551181
44935928610
23868727220
78025603788
37428284265
29645421909
66603963092
17289915166
86145061711
30341500218
14451333378
60798296614
41455204271
62985539533
35271677758
67811007825
63538413373
33837001267
15146439565
11747890381
26479634068
46830981522
17422858301
35505254568
47898209109
11989539104
38737572568
22974431662
20428860145
48507124973
82470598347
29278522110
21920938555
43124443468
23228822935
32284080397
64123053477
36847192012
25805586022
93530435498
29117407030
42018177885
29993163552
74646708823
14560512329
93476895219
15099258863
80966055953
42287075569
26847989919
38875458235
97542936822
40072062333
83237997986
49313353659
67726875205
12639943765
19081190802
43944881460
34075317806
42007176057
11974794042
69635825423
91257716759
10828812290
20064719972
54825537997
28424830298
71431751530
98523191937
39580554822
42740864334
96869315996
83367736226
48222534939
51361612039
62171450447
22760764864
40635861730
34197989588
43618088229
75108990721
54327921859
46453736738
30405758226
48220655488
26486812695
86296347556
42726186777
58699962410
19458334429
95340068213
36986295751
14969552674
23682226328
26842696668
34102024045
86263027716
16785615950
92086164179
11563564446
10143157216
60358630477
85921734701
95238156263
20654617927
38272229947
74078024347
83719043869
71755624960
69965261481
13341072796
74532060218
67016888845
10279473233
25036024176
18613436496
28400772137
86178219472
40061423705
76609098986
82863189610
31675591082
81806056902
18077313867
44184073976
79968216320
88417637893
76471574326
53067763581
12416514156
37191949627
85892702560
92177485901
43515924530
41872097868
55275472919
33451634083
77230790259
89885554397
28063961377
34714002812
60863295666
64975182238
73657306002
80884768438
99247918258
48603303617
49804574891
37528482164
14652218628
28031195310
58739150528
55565185581
89246277870
44473008939
80197664930
11179161461
23369019152
22920031839
29886439853
25281477492
46760395063
22736278903
56142640535
12391427065
20457697808
93343275508
52332701354
39314532392
27935240693
58339019760
65278501684
75776034461
17772643821
36207424755
22410416492
22171554855
89702799835
21495167358
12923108745
70568874396
67439692347
73463139953
71541971484
25744649842
72308943052
20723731684
17028280987
91766806254
24034617822
31405712181
66559195825
85145552776
63717510387
30341187140
42623266702
21985213414
19563052678
22694913483
81772967811
34000763547
71741920933
25118477290
62871925477
42168881259
42684325232
99430106601
71400258694
34986256967
48071801565
78822543552
18267008210
67618758855
90343521241
54835865354
59214674176
99691719650
36404168675
11481247009
69161532995
85208025385
13614213680
22955645251
94706780713
22826143367
36774025553
60853702987
93498907031
16136371037
22088200713
43421610564
89513105092
89131622186
42464834955
69668751635
28519761820
79867999048
83025892188
61644660540
70971184086
44677028886
92774294860
27526037243
91675483183
87473942120
28041565087
34874727719
57828555437
52264078224
83079305914
52417270896
98877282380
25598263868
17953199756
93174880750
84908415766
32980308357
32259916036
60205869154
22573020573
34980670818
95351137868
96254877704
12735760609
90214396557
35821007066
65015993634
34005750225
65920987568
96701474889
42704710817
98356025908
32065097893
54566452626
34796803605
67475704959
18061539212
98357129257
28656649237
32513787309
50157390914
46220377528
59608584917
22231380557
59872658794
44241549607
42664460726
48832626027
81130830276
60221047660
37362396657
62069903320
77063876708
30401800921
66436268185
41889347025
87217764647
69814399236
34181536787
79893574911
82903716206
26695492650
84960606214
70409503218
96895000259
80512520811
54966965422
36549380770
65115106533
25344219751
49653854274
21608323109
96807301666
32688269166
24362445303
73917410224
10619341943
89414625428
71799832584
27075723207
36238581568
41256957803
48714925293
59381338056
17195032494
84195207446
94016932554
62004780688
81657837583
41428011059
46765111063
75194000263
19009834316
60963722992
36378566635
24463814524
48142539374
29727042746
58212280527
26734263463
19067056689
43310631559
40826430517
21588793151
82491259759
58579009397
76272129450
36135403296
34475255124
83266475555
53371069156
84040980672
59128977912
19127947297
76532347550
27904285697
27632390369
13960207346
55022888168
39953941598
28145543691
67360353782
14390538727
18092899224
60085335870
95228967463
24181517788
69033666856
29691909855
49062456265
29797928182
10501838338
51539766453
10291685488
56646560124
20561843656
37377702468
23051631149
52674332420
38951555793
31457307656
52976775466
41737478729
60595531565
33714759113
26905089570
15518947687
56888005189
55727683382
39823759487
46719101839
83278485582
92358609609
78387634544
30729147830
40792228226
95400073743
13242417897
39457673288
39665525015
20079584373
79078806225
59734600655
12679575229
11307375972
92806869523
17858805563
70823269014
20831046940
60221398311
19805073845
99045680817
19407010327
66784415408
94880082091
34413135648
96163133233
63086325381
70512581666
31155594759
75577865247
75896205023
28799100054
10373439376
92307203534
46940060370
73685148084
26800569698
33555173582
53315814175
58864383788
38105303613
65860660638
52977728317
11009254181
91690762818
37783376410
49900261790
20202356934
70793174073
17217678652
18226256441
34439093155
25602130774
57481561022
43682402438
10310854473
12617455048
95027295387
13261985559
69426708268
51888769695
60374717034
54543232242
88550870761
34394367586
81489466675
20845068741
60252541523
92956936046
82779335644
81233225826
23924675593
15512110337
77463110720
40952886306
70755356033
29023648264
18828195224
56273024819
85200634608
30566507750
71613159771
79834998758
10352426364
30283319716
48671497104
18400368498
93457390062
79783198334
39307093592
45637640095
72617240027
77387940488
86194542908
65106963749
29721604946
44142539309
36187206693
26119690896
27090362862
90018715438
33136494836
52926004815
81475388491
44020841547
25600616346
49327525416
40503257463
64332998181
28903853232
15551931106
83983350248
63223612300
13474093663
93012720670
37369777763
31488517695
15856528004
24258796675
18771102976
12052386556
50917165380
25423736038
72255211228
22680422072
77358357848
50877721235
12142990576
42948441560
56186944375
39407242785
80817239979
31524716810
21399175910
52750277056
27382834375
87733444342
85369963437
55489980894
88457112368
11138683744
51284616752
54869729645
43053076832
15013819097
64643608078
90772045300
77779437923
74141980677
48825442576
25335983245
27069160850
69277623051
11497947116
62097503411
19370304864
77916062889
48628661378
78529704683
63557342436
67372003060
25250196731
68481205816
64343655087
43696311093
85053415983
19756346797
42975226772
40713898817
92843354990
97852858590
46023567958
28879908369
34267432674
40388965909
84492446343
67576765709
64239140760
27722216389
41084095393
56939989064
21281102854
14334225295
11688883078
62104251638
39157044642
33884337941
70329162453
74539884524
59416147703
33381187474
14158773439
80667340456
10934768295
60579579232
90084578568
66810884220
47790619480
96057238906
26765398381
52157714325
46220800128
91628987959
13392253298
75329828296
37814574327
27780149221
62733288366
24316099483
64758140161
89594860936
17251629675
18606732896
30774031775
74493926300
82196307168
31472048084
33626285269
14019294198
90535475039
88610817715
86532094993
71859405287
18055961856
14072197446
87256481592
99318065023
99293684682
66931004652
55855274693
73995302260
66784637557
68681930214
83813494740
87115610975
51827197938
83411302301
16726665820
93707853935
86678031489
40956411255
86345009831
88282369782
79872014927
95945726756
52170347380
81254292038
18609823320
19564335583
94643366481
74086249280
12102518509
13761806149
72502779571
48009228184
80401146877
77975475470
36409564048
14488000296
98186251977
38999032119
75541555451
22617743969
35386574963
23519173648
72894271634
56644265473
44385538973
95376779680
51790040447
98042870411
72925204246
68064627047
79137496849
68600885527
24066225339
49057519237
81248511787
40955466455
16122024680
42112575235
25913251749
25288580022
64333044659
19525056611
35644838585
83398802344
49208519882
79896406766
45684388943
13479309742
90483730736
16704842462
33239630108
64629954301
30130041169
45667864237
74729183937
48239182218
44921618681
89330958808
21847707295
71889326401
76547241507
11456567668
70215643275
32530519521
31470317335
83289498888
38561118782
15498095031
63098698765
67778576629
30067005812
16551731661
28794337149
21136243081
57847817971
48655787747
87158304893
45282401080
65664806746
25050073160
44422844492
11053467602
32223309346
76681911124
53902857879
99460636640
44918281853
54523755857
64443644958
18940939829
81092759809
21911642955
98788342638
78987340675
31424988687
48209693033
99260479164
39044354265
69964146104
26520472915
47210044228
84383719487
68738194716
47319525605
94017473554
56313029537
81991342692
91193522002
28074640934
47587038682
58989021072
72087221469
79608789426
98567964761
38472026639
13849909142
58350386038
30729502630
30690750288
21126600375
99874231209
95565177423
66340662470
70999123698
13926509978
96117436785
60324656759
92740408942
31924177849
82544475834
82036353661
55761950324
11259587627
57064157026
12558227024
94800168106
38495723824
57335497727
64788744346
32294532981
17382505881
99139281210
42280258663
52836798571
11332639836
43772724003
57681718620
64502069312
97375562142
67250596255
39496444257
12076988046
25142008926
45439848505
16315835823
35912802415
42427438132
28008879326
63608158382
24723807703
78470080204
58460925243
25104371036
23867366020
52804451359
33824890212
38086207256
15393950505
10454456914
46221789101
52440620481
84696970541
68232776876
37515542258
58162982025
20915447055
91798164866
29451955966
37000780336
76387646306
44184848027
21004068742
53895860757
82069444908
79041137107
11799821107
42810913116
53543494636
76784542972
82268557977
62453393453
45226994601
55605117750
32727969162
97856691641
62844352865
12712306574
29631527352
96520052032
95404509343
44367643718
42433487238
20966413852
36284479642
29962207713
50610070134
93533924122
10466919620
41129300163
99740478647
46503165413
93649887405
49540959042
70305597519
88102692796
40838943101
38501074479
62519458662
44084736782
18557391150
75787515218
55323398637
37672594259
11100747774
13241702548
39261732090
76841398047
19287361644
30756869042
39580519172
85913776101
71338659137
43129021919
26900893692
19640703564
99359873290
45082341682
23807420988
31207656034
92562276234
26138787332
41127267284
10900301577
35613693973
78527481906
42176308565
21253454591
41698209482
12415239955
78525201855
41100521551
71056342252
28779685121
95126038137
69700616231
66295333819
19127654269
76987239092
36049364954
43817582054
17311304802
58716959065
36885543879
56180004696
41735103451
97719099902
95043253144
93783666093
40589262456
81788092894
23461530102
41651915163
53985839601
35330222183
98735716990
28295588116
60765226924
37881904309
64378054950
15708985857
79248771454
63555493758
16187282461
55364762512
26292257905
71119494833
16900919876
90420582006
49555749826
16945136924
89706009513
29582356556
73096397004
67043102579
61744711466
34184041011
23654868543
10971460863
39877195241
36702909093
71903707456
33570270766
62619331333
36273228285
51387640479
19616810258
57989459717
18231726590
23607346190
82690770730
58917925985
16628848721
68547070903
42934068732
17634113205
22891943148
63398037584
31674228081
93399254932
75691051895
10556807840
92600247074
91389489870
64618606066
87667698561
25540357643
44220579745
83292478367
20563707456
77288526189
81354430415
34771937315
49996642089
56554591131
22242491664
42727497978
59960493410
70755902806
26103876013
25776799854
65381859234
15136731060
83877036521
59373393977
30822874223
53680838453
71005935977
19273923287
79620193854
59722043098
73548263373
14509928610
43994575389
39551816305
15878658564
33471236694
54938948732
50297173880
99007098620
63516771440
23961789284
32031213304
63983031511
33856159679
59852548633
69755504828
70918305313
32458843712
65542226984
54593391066
39560485438
18724268803
12666770523
27093565662
24064457183
20495275553
33598345056
49743696067
12863405991
16909843206
63407098313
30984769851
43393363046
20549612255
60406639952
45415513042
13399112028
49495910124
46728714423
25837836313
46227534583
17802657234
94493362680
40654408836
28784970748
70641774177
44192455054
44125785595
34136161285
25809375850
15903909027
34409339143
63596323605
33178276727
22803209183
75252478060
20217714390
32886826336
19066236167
93714296908
52345382860
24515134654
85260160060
19301568055
84126374492
81496764005
62938178364
54972588171
34908257959
34034987315
11793672855
41533996558
43048792232
95142505070
72400834472
41925649143
22796083606
26554663928
12876910775
31721603356
93370902442
82118394826
11270574455
27034783732
92378348891
62555676780
52220238855
90721582774
53270313657
98118967769
72935327579
98742761296
40290077586
48243320794
11493869210
10705752108
28224878579
46673235270
54387287189
33036056859
49329497644
71009343428
38487991451
17041784622
28681153449
17829475724
11487202409
48208514755
53592575582
76198914990
80484729897
20171633871
12993404031
48118832962
57015865273
69054580319
40714244339
21861231331
37990041835
30018087015
14990098042
56380885467
12026919344
78334033991
72772960201
97897610986
90061357956
33832579188
16913832382
54813773221
65752939112
30642581437
17309423272
28924376417
16208184568
66521284978
34379891252
36770511596
16770605365
14598279596
10543994534
34298820487
49525061936
33522576864
40637252852
33745111525
30131239969
88998424997
31813583898
95382419037
90828441124
22290056633
79910231272
31422205860
17242071342
45296551186
98632821742
17715940990
74232008027
63937196769
40296639516
37720020029
49784702436
24517682626
61398521651
45939989816
21993164547
14898583944
25232143095
47844612128
86862895604
90691682813
71299483595
41955583860
33727582967
43537879315
49611515929
24639575086
64456718037
31512855253
90341659319
40776201720
79061622241
58398869984
24395509143
70367634171
30510836847
74015154323
85064162462
42581384255
63782365089
71116405233
14431963845
32214600989
51824536538
45815452360
48331052587
65429043658
35032800015
43352416678
70426568124
27264655970
80128280149
74135158955
87550989956
30524553981
88617675864
61184237696
24199852850
13924292028
68833761215
58180957809
89378760781
32765767080
37633244785
21224476324
55903257690
21293544733
125
10049106423
10238327786
10338930258
10420903450
10564651918
11238213242
11508407370
13123489570
13873337875
15156806617
17155478776
17677313523
18994732253
19485624120
19947675313
19972983674
20231593296
20637337542
21167710371
21254236191
21480580496
21524698265
22003652147
23245452696
23275559010
23293122065
24322726612
24689920683
25062326012
25509134004
25971168624
26269676321
27521066992
27783996221
28243255614
29005871453
29089304045
30026068670
30086330623
30871055396
31183712049
31189674101
31325185439
32341327029
32568273188
34081461739
34367745225
34796041381
35878507525
36195954650
37064909517
37585766788
38735970367
39958147606
40917662815
42007217736
42666667926
42669362753
43294374504
43455205376
45211941644
45664368637
46338564306
46826176393
46990204394
47154999247
47817055116
49231324294
49519428908
50037356658
51459328138
52830635022
54071270586
54350106522
56183696175
56887758813
57004478367
57291209809
59023969962
59435423880
60290856268
60794650736
61438307742
61938074009
62488591493
62555737403
63229336076
65877792344
66996312033
70277812429
70933919419
71674853724
71975866092
72361456127
74159182489
74305487408
75766280382
76517761017
76692225752
76803043557
80189336479
82104960720
82240810086
82651001533
83016294682
84175490312
85413732234
86303617956
86811727529
88766517387
89558465194
90776124900
92568667634
93137772981
93154650765
93932980839
94029940887
94077247535
94600349308
95726436974
96789016011
97248933431
97632586564
97671153682
97847052413