124
10442229235
10454088090
11339412714
11988548253
13456495479
15489356953
15638232900
15807493678
16749053980
16921984688
17094444247
18645733665
18822611224
19314949334
19451308429
19751460221
22235932436
22586578702
23685488355
24015413410
24659945322
24679135482
24973764619
25218906213
25936495106
26332943702
27947714823
28271335748
29211184807
29438443312
29755578463
30097135878
30545067938
30618613530
31160590237
31887898785
33294057810
33297825160
33551297781
34720473918
34845300602
34885089269
35521043926
35880563195
36616359203
38712031556
40017932631
40299533716
40318459422
40487091878
40791224748
40878519019
41337524561
41877371973
42179356765
42497554567
42501264968
43443139070
43518520036
43533375064
43605000672
46243454089
46371373624
48340353666
49065937892
49375678389
49813717221
50314098186
51146254563
52799112704
53088084644
53725580650
54782181930
54886740908
55297396453
56180661853
56364887239
56403831079
56450984405
57035055936
57959487305
58769782089
60377393234
60984224177
61318363215
61483392193
61493536193
63131372307
63482404698
63915233157
64762447134
65268447656
65699561958
66955177837
68564928558
70102176921
70116098427
70620278322
72324290636
73094114275
73132677522
73275225567
75029159556
76034099761
77927377395
79620809454
79748627992
84068792962
84495760221
84739720659
85630491459
86642259398
88563467240
89985273947
90585211008
92606157031
92684356188
92872810453
94326515478
96726864830
97109165736
97744442342
98039057882
98891233337
6
ELETROCARDIOGRAMA
HEMODIALISE
HEMOGRAMA
RADIOGRAFIA
RESSONANCIA
TOMOGRAFIA