148
10015425305
10129572781
11988548253
12165961012
12948151584
13804725745
14771291460
14843518869
15586059546
15741633696
16688518129
17079072890
17569622102
19111690963
19266353459
19370304864
19708670302
20078051329
20376646869
21873879315
22773018143
23249799391
23511129970
23557479017
23931210072
24107186779
24121426563
24276924565
24875754625
24999743909
25453132450
26984763136
28307738117
28403801164
28769650486
29455758072
30418045854
30497917141
31135194974
32828691834
32870191657
33176631076
33246927936
33487000851
33752250352
33850106078
36142451896
36484292589
36831715801
37291856170
37637744863
37847909688
37879916908
38877930208
39628248768
39629036419
39852772229
40761474085
41008436330
41699196238
42330660217
43339852101
43614327978
44551628826
45522334769
46079429460
46196315465
47594708039
48027641141
49053462037
51587399649
52128895984
52326626327
53297358520
53586197233
54705373843
54977099650
55032320752
56156795963
57114042372
57222121071
58750314634
59621421772
59716163365
60376785261
61552793947
61753616745
62071781548
62674921985
63886837745
65294813319
65510005972
67913770673
67964295121
68212057837
70338107410
71952753331
71955466758
72061191685
72960085415
73132677522
73440020968
73635750139
74433513346
74738683216
74822437479
75472373791
76798727078
77136225466
77275058734
77288526189
77426546378
78129309765
78342716042
80318066041
80462801136
80864873575
81173981629
81717394536
82484291904
83143771122
83997237754
85378313343
85405202355
85851101469
86919450707
88637844154
88738162853
90135249843
90624481926
91253521732
91476448385
92441719323
92614670509
93132640432
93644587876
94469467346
95354323347
96162805033
98077656329
98181487777
98323924167
98987185714
99212191595
99240877658
99604053779
99686720372
99942876017
100
1123
1153
1272
1490
1566
1669
1729
1745
1968
2196
2385
2397
2420
2503
2612
278
3042
3057
3144
3169
337
3534
3557
3658
3821
399
404
4091
412
4152
4175
4195
4298
4530
4536
4666
4712
4831
4885
4897
4933
4947
5159
5223
5249
5319
5335
534
5365
5394
5539
5828
5968
6011
6098
6126
6231
6298
6357
6501
672
6760
6770
679
6853
6882
7006
7157
7217
7408
7633
7709
7826
7844
7904
7944
8008
8013
8024
8165
8738
878
8821
8981
903
9094
9149
9267
933
9336
9358
94
9506
9590
962
9790
9814
9852
9901
9915